100
0.0
0.03293 -0.097697 0.55634 0.03293 0.097617 0.55634
0.03293 -0.097697 0.55634 0.03293 0.097617 0.55634
0.03293 -0.097697 0.55634 0.03293 0.097617 0.55634
0.03293 -0.097697 0.55634 0.03293 0.097617 0.55634
0.03293 -0.097697 0.55634 0.03293 0.097617 0.55634
0.03293 -0.097697 0.55634 0.03293 0.097617 0.55634
0.03293 -0.097697 0.55634 0.03293 0.097617 0.55634
0.03293 -0.097697 0.55634 0.03293 0.097617 0.55634
0.03293 -0.097697 0.55634 0.03293 0.097617 0.55634
0.03293 -0.097697 0.55634 0.03293 0.097617 0.55634
0.03293 -0.097697 0.55634 0.03293 0.097617 0.55634
0.03293 -0.097697 0.55634 0.03293 0.097617 0.55634
0.03293 -0.097697 0.55634 0.03293 0.097617 0.55634
0.03293 -0.0976970000008 0.55634 0.03293 0.0976169999992 0.55634
0.03293 -0.0976970000075 0.55634 0.03293 0.0976169999925 0.55634
0.03293 -0.0976970000296 0.55634 0.03293 0.0976169999704 0.55634
0.03293 -0.0976970000798 0.55634 0.03293 0.0976169999202 0.55634
0.03293 -0.0976970001721 0.55634 0.03293 0.0976169998279 0.55634
0.03293 -0.0976970003206 0.55634 0.03293 0.0976169996794 0.55634
0.03293 -0.0976970005391 0.55634 0.03293 0.0976169994609 0.55634
0.03293 -0.0976970008409 0.55634 0.03293 0.0976169991591 0.55634
0.03293 -0.0976970012384 0.55634 0.03293 0.0976169987616 0.55634
0.03293 -0.097697001744 0.55634 0.03293 0.097616998256 0.55634
0.03293 -0.0976970023694 0.55634 0.03293 0.0976169976306 0.55634
0.03293 -0.0976970031262 0.55634 0.03293 0.0976169968738 0.55634
0.03293 -0.0976970040257 0.55634 0.03293 0.0976169959743 0.55634
0.03293 -0.0976970050791 0.55634 0.03293 0.0976169949209 0.55634
0.03293 -0.0976970062976 0.55634 0.03293 0.0976169937024 0.55634
0.03293 -0.097697007692 0.55634 0.03293 0.097616992308 0.55634
0.03293 -0.0976970092735 0.55634 0.03293 0.0976169907265 0.55634
0.03293 -0.0976970110528 0.55634 0.03293 0.0976169889472 0.55634
0.03293 -0.0976970130409 0.55634 0.03293 0.0976169869591 0.55634
0.03293 -0.0976970152489 0.55634 0.03293 0.0976169847511 0.55634
0.03293 -0.0976970176877 0.55634 0.03293 0.0976169823123 0.55634
0.03293 -0.0976970203686 0.55634 0.03293 0.0976169796314 0.55634
0.03293 -0.0976970233029 0.55634 0.03293 0.0976169766971 0.55634
0.03293 -0.0976970265021 0.55634 0.03293 0.0976169734979 0.55634
0.03293 -0.0976970299779 0.55634 0.03293 0.0976169700221 0.55634
0.03293 -0.0976970337422 0.55634 0.03293 0.0976169662578 0.55634
0.03293 -0.0976970378073 0.55634 0.03293 0.0976169621927 0.55634
0.03293 -0.0976970421856 0.55634 0.03293 0.0976169578144 0.55634
0.03293 -0.09769704689 0.55634 0.03293 0.09761695311 0.55634
0.03293 -0.0976970519338 0.55634 0.03293 0.0976169480662 0.55634
0.03293 -0.0976970573305 0.55634 0.03293 0.0976169426695 0.55634
0.03293 -0.0976970630941 0.55634 0.03293 0.0976169369059 0.55634
0.03293 -0.0976970692392 0.55634 0.03293 0.0976169307608 0.55634
0.03293 -0.0976970757807 0.55634 0.03293 0.0976169242193 0.55634
0.03293 -0.0976970827342 0.55634 0.03293 0.0976169172658 0.55634
0.03293 -0.0976970901157 0.55634 0.03293 0.0976169098843 0.55634
0.03293 -0.097697097942 0.55634 0.03293 0.097616902058 0.55634
0.03293 -0.0976971062302 0.55634 0.03293 0.0976168937698 0.55634
0.03293 -0.0976971149984 0.55634 0.03293 0.0976168850016 0.55634
0.03293 -0.0976971242653 0.55634 0.03293 0.0976168757347 0.55634
0.03293 -0.0976971340503 0.55634 0.03293 0.0976168659497 0.55634
0.03293 -0.0976971443735 0.55634 0.03293 0.0976168556265 0.55634
0.03293 -0.0976971552562 0.55634 0.03293 0.0976168447438 0.55634
0.03293 -0.0976971667201 0.55634 0.03293 0.0976168332799 0.55634
0.03293 -0.0976971787881 0.55634 0.03293 0.0976168212119 0.55634
0.03293 -0.097697191484 0.55634 0.03293 0.097616808516 0.55634
0.03293 -0.0976972048325 0.55634 0.03293 0.0976167951675 0.55634
0.03293 -0.0976972188595 0.55634 0.03293 0.0976167811405 0.55634
0.03293 -0.0976972335919 0.55634 0.03293 0.0976167664081 0.55634
0.03293 -0.0976972490578 0.55634 0.03293 0.0976167509422 0.55634
0.03293 -0.0976972652865 0.55634 0.03293 0.0976167347135 0.55634
0.03293 -0.0976972823085 0.55634 0.03293 0.0976167176915 0.55634
0.03293 -0.0976973001557 0.55634 0.03293 0.0976166998443 0.55634
0.03293 -0.0976973188614 0.55634 0.03293 0.0976166811386 0.55634
0.03293 -0.0976973384601 0.55634 0.03293 0.0976166615399 0.55634
0.03293 -0.0976973589883 0.55634 0.03293 0.0976166410117 0.55634
0.03293 -0.0976973804834 0.55634 0.03293 0.0976166195166 0.55634
0.03293 -0.0976974029851 0.55634 0.03293 0.0976165970149 0.55634
0.03293 -0.0976974265343 0.55634 0.03293 0.0976165734657 0.55634
0.03293 -0.097697451174 0.55634 0.03293 0.097616548826 0.55634
0.03293 -0.0976974769489 0.55634 0.03293 0.0976165230511 0.55634
0.03293 -0.0976975039057 0.55634 0.03293 0.0976164960943 0.55634
0.03293 -0.0976975320932 0.55634 0.03293 0.0976164679068 0.55634
0.03293 -0.0976975615622 0.55634 0.03293 0.0976164384378 0.55634
0.03293 -0.0976975923657 0.55634 0.03293 0.0976164076343 0.55634
0.03293 -0.0976976245592 0.55634 0.03293 0.0976163754408 0.55634
0.03293 -0.0976976582004 0.55634 0.03293 0.0976163417996 0.55634
0.03293 -0.0976976933495 0.55634 0.03293 0.0976163066505 0.55634
0.03293 -0.0976977300695 0.55634 0.03293 0.0976162699305 0.55634
0.03293 -0.097697768426 0.55634 0.03293 0.097616231574 0.55634
0.03293 -0.0976978084874 0.55634 0.03293 0.0976161915126 0.55634
0.03293 -0.0976978503252 0.55634 0.03293 0.0976161496748 0.55634
0.03293 -0.0976978940139 0.55634 0.03293 0.0976161059861 0.55634
0.03293 -0.0976979396313 0.55634 0.03293 0.0976160603687 0.55634
0.03293 -0.0976979872584 0.55634 0.03293 0.0976160127416 0.55634
0.03293 -0.09769803698 0.55634 0.03293 0.09761596302 0.55634
0.03293 -0.0976980888844 0.55634 0.03293 0.0976159111156 0.55634
0.03293 -0.0976981430635 0.55634 0.03293 0.0976158569365 0.55634
0.03293 -0.0976981996136 0.55634 0.03293 0.0976158003864 0.55634
0.03293 -0.0976982586349 0.55634 0.03293 0.0976157413651 0.55634
0.03293 -0.097698320232 0.55634 0.03293 0.097615679768 0.55634
0.03293 -0.0976983845139 0.55634 0.03293 0.0976156154861 0.55634
0.03293 -0.0976984515945 0.55634 0.03293 0.0976155484055 0.55634
0.03293 -0.0976985215924 0.55634 0.03293 0.0976154784076 0.55634
0.03293 -0.0976985946315 0.55634 0.03293 0.0976154053685 0.55634
0.03293 -0.097698670841 0.55634 0.03293 0.097615329159 0.55634
0.03293 -0.0976987503556 0.55634 0.03293 0.0976152496444 0.55634
0.03293 -0.0976988333158 0.55634 0.03293 0.0976151666842 0.55634
0.03293 -0.0976989198683 0.55634 0.03293 0.0976150801317 0.55634
0.03293 -0.0976990101659 0.55634 0.03293 0.0976149898341 0.55634
0.03293 -0.0976991043672 0.55634 0.03293 0.0976148956328 0.55634
0.03293 -0.0976992026338 0.55634 0.03293 0.0976147973662 0.55634
0.03293 -0.0976993051293 0.55634 0.03293 0.0976146948707 0.55634
0.03293 -0.0976994120223 0.55634 0.03293 0.0976145879777 0.55634
0.03293 -0.0976995234874 0.55634 0.03293 0.0976144765126 0.55634
0.03293 -0.0976996397074 0.55634 0.03293 0.0976143602926 0.55634
0.03293 -0.0976997608738 0.55634 0.03293 0.0976142391262 0.55634
0.03293 -0.0976998871877 0.55634 0.03293 0.0976141128123 0.55634
0.03293 -0.0977000188597 0.55634 0.03293 0.0976139811403 0.55634
0.03293 -0.0977001561107 0.55634 0.03293 0.0976138438893 0.55634
0.03293 -0.0977002991718 0.55634 0.03293 0.0976137008282 0.55634
0.03293 -0.0977004482849 0.55634 0.03293 0.0976135517151 0.55634
0.03293 -0.0977006037029 0.55634 0.03293 0.0976133962971 0.55634
0.03293 -0.0977007656903 0.55634 0.03293 0.0976132343097 0.55634
0.03293 -0.0977009345236 0.55634 0.03293 0.0976130654764 0.55634
0.03293 -0.0977011104916 0.55634 0.03293 0.0976128895084 0.55634
0.03293 -0.097701293896 0.55634 0.03293 0.097612706104 0.55634
0.03293 -0.097701485052 0.55634 0.03293 0.097612514948 0.55634
0.03293 -0.0977016842889 0.55634 0.03293 0.0976123157111 0.55634
0.03293 -0.0977018919504 0.55634 0.03293 0.0976121080496 0.55634
0.03293 -0.0977021083954 0.55634 0.03293 0.0976118916046 0.55634
0.03293 -0.0977023339986 0.55634 0.03293 0.0976116660014 0.55634
0.03293 -0.097702569151 0.55634 0.03293 0.097611430849 0.55634
0.03293 -0.0977028142607 0.55634 0.03293 0.0976111857393 0.55634
0.03293 -0.0977030697539 0.55634 0.03293 0.0976109302461 0.55634
0.03293 -0.0977033360749 0.55634 0.03293 0.0976106639251 0.55634
0.03293 -0.0977036136876 0.55634 0.03293 0.0976103863124 0.55634
0.03293 -0.0977039030759 0.55634 0.03293 0.0976100969241 0.55634
0.03293 -0.0977042047447 0.55634 0.03293 0.0976097952553 0.55634
0.03293 -0.0977045192208 0.55634 0.03293 0.0976094807792 0.55634
0.03293 -0.0977048470537 0.55634 0.03293 0.0976091529463 0.55634
0.03293 -0.0977051888166 0.55634 0.03293 0.0976088111834 0.55634
0.03293 -0.0977055451074 0.55634 0.03293 0.0976084548926 0.55634
0.03293 -0.09770591655 0.55634 0.03293 0.09760808345 0.55634
0.03293 -0.0977063037949 0.55634 0.03293 0.0976076962051 0.55634
0.03293 -0.0977067075207 0.55634 0.03293 0.0976072924793 0.55634
0.03293 -0.0977071284352 0.55634 0.03293 0.0976068715648 0.55634
0.03293 -0.0977075672767 0.55634 0.03293 0.0976064327233 0.55634
0.03293 -0.097708024815 0.55634 0.03293 0.097605975185 0.55634
0.03293 -0.0977085018533 0.55634 0.03293 0.0976054981467 0.55634
0.03293 -0.0977089992291 0.55634 0.03293 0.0976050007709 0.55634
0.03293 -0.0977095178159 0.55634 0.03293 0.0976044821841 0.55634
0.03293 -0.0977100585246 0.55634 0.03293 0.0976039414754 0.55634
0.03293 -0.0977106223054 0.55634 0.03293 0.0976033776946 0.55634
0.03293 -0.097711210149 0.55634 0.03293 0.097602789851 0.55634
0.03293 -0.0977118230888 0.55634 0.03293 0.0976021769112 0.55634
0.03293 -0.0977124622026 0.55634 0.03293 0.0976015377974 0.55634
0.03293 -0.0977131286141 0.55634 0.03293 0.0976008713859 0.55634
0.03293 -0.0977138234954 0.55634 0.03293 0.0976001765046 0.55634
0.03293 -0.0977145480689 0.55634 0.03293 0.0975994519311 0.55634
0.03293 -0.0977153036094 0.55634 0.03293 0.0975986963906 0.55634
0.03293 -0.0977160914461 0.55634 0.03293 0.0975979085539 0.55634
0.03293 -0.0977169129654 0.55634 0.03293 0.0975970870346 0.55634
0.03293 -0.0977177696133 0.55634 0.03293 0.0975962303867 0.55634
0.03293 -0.0977186628973 0.55634 0.03293 0.0975953371027 0.55634
0.03293 -0.0977195943899 0.55634 0.03293 0.0975944056101 0.55634
0.03293 -0.0977205657308 0.55634 0.03293 0.0975934342692 0.55634
0.03293 -0.0977215786302 0.55634 0.03293 0.0975924213698 0.55634
0.03293 -0.0977226348713 0.55634 0.03293 0.0975913651287 0.55634
0.03293 -0.0977237363139 0.55634 0.03293 0.0975902636861 0.55634
0.03293 -0.0977248848975 0.55634 0.03293 0.0975891151025 0.55634
0.03293 -0.0977260826446 0.55634 0.03293 0.0975879173554 0.55634
0.03293 -0.0977273316646 0.55634 0.03293 0.0975866683354 0.55634
0.03293 -0.0977286341571 0.55634 0.03293 0.0975853658429 0.55634
0.03293 -0.0977299924159 0.55634 0.03293 0.0975840075841 0.55634
0.03293 -0.0977314088335 0.55634 0.03293 0.0975825911665 0.55634
0.03293 -0.0977328859044 0.55634 0.03293 0.0975811140956 0.55634
0.03293 -0.0977344262304 0.55634 0.03293 0.0975795737696 0.55634
0.03293 -0.0977360325246 0.55634 0.03293 0.0975779674754 0.55634
0.03293 -0.0977377076164 0.55634 0.03293 0.0975762923836 0.55634
0.03293 -0.0977394544567 0.55634 0.03293 0.0975745455433 0.55634
0.03293 -0.0977412761224 0.55634 0.03293 0.0975727238776 0.55634
0.03293 -0.0977431758227 0.55634 0.03293 0.0975708241773 0.55634
0.03293 -0.0977451569041 0.55634 0.03293 0.0975688430959 0.55634
0.03293 -0.0977472228567 0.55634 0.03293 0.0975667771433 0.55634
0.03293 -0.0977493773199 0.55634 0.03293 0.0975646226801 0.55634
0.03293 -0.0977516240893 0.55634 0.03293 0.0975623759107 0.55634
0.03293 -0.0977539671232 0.55634 0.03293 0.0975600328768 0.55634
0.03293 -0.0977564105494 0.55634 0.03293 0.0975575894506 0.55634
0.03293 -0.0977589586727 0.55634 0.03293 0.0975550413273 0.55634
0.03293 -0.0977616159824 0.55634 0.03293 0.0975523840176 0.55634
0.03293 -0.0977643871602 0.55634 0.03293 0.0975496128398 0.55634
0.03293 -0.0977672770885 0.55634 0.03293 0.0975467229115 0.55634
0.03293 -0.0977702908589 0.55634 0.03293 0.0975437091411 0.55634
0.03293 -0.0977734337812 0.55634 0.03293 0.0975405662188 0.55634
0.03293 -0.0977767113929 0.55634 0.03293 0.0975372886071 0.55634
0.03293 -0.0977801294687 0.55634 0.03293 0.0975338705313 0.55634
0.03293 -0.097783694031 0.55634 0.03293 0.097530305969 0.55634
0.03293 -0.0977874113603 0.55634 0.03293 0.0975265886397 0.55634
0.03293 -0.097791288006 0.55634 0.03293 0.097522711994 0.55634
0.03293 -0.0977953307987 0.55634 0.03293 0.0975186692013 0.55634
0.03293 -0.0977995468614 0.55634 0.03293 0.0975144531386 0.55634
0.03293 -0.0978039436225 0.55634 0.03293 0.0975100563775 0.55634
0.03293 -0.0978085288289 0.55634 0.03293 0.0975054711711 0.55634
0.03293 -0.0978133105596 0.55634 0.03293 0.0975006894404 0.55634
0.03293 -0.0978182972397 0.55634 0.03293 0.0974957027603 0.55634
0.03293 -0.0978234976556 0.55634 0.03293 0.0974905023444 0.55634
0.03293 -0.0978289209701 0.55634 0.03293 0.0974850790299 0.55634
0.03293 -0.0978345767391 0.55634 0.03293 0.0974794232609 0.55634
0.03293 -0.0978404749278 0.55634 0.03293 0.0974735250722 0.55634
0.03293 -0.0978466259288 0.55634 0.03293 0.0974673740712 0.55634
0.03293 -0.0978530405798 0.55634 0.03293 0.0974609594202 0.55634
0.03293 -0.0978597301835 0.55634 0.03293 0.0974542698165 0.55634
0.03293 -0.0978667065269 0.55634 0.03293 0.0974472934731 0.55634
0.03293 -0.097873981902 0.55634 0.03293 0.097440018098 0.55634
0.03293 -0.0978815691281 0.55634 0.03293 0.0974324308719 0.55634
0.03293 -0.0978894815738 0.55634 0.03293 0.0974245184262 0.55634
0.03293 -0.0978977331807 0.55634 0.03293 0.0974162668193 0.55634
0.03293 -0.0979063384881 0.55634 0.03293 0.0974076615119 0.55634
0.03293 -0.0979153126586 0.55634 0.03293 0.0973986873414 0.55634
0.03293 -0.0979246715045 0.55634 0.03293 0.0973893284955 0.55634
0.03293 -0.0979344315162 0.55634 0.03293 0.0973795684838 0.55634
0.03293 -0.0979446098907 0.55634 0.03293 0.0973693901093 0.55634
0.03293 -0.0979552245623 0.55634 0.03293 0.0973587754377 0.55634
0.03293 -0.0979662942342 0.55634 0.03293 0.0973477057658 0.55634
0.03293 -0.097977838411 0.55634 0.03293 0.097336161589 0.55634
0.03293 -0.0979898774336 0.55634 0.03293 0.0973241225664 0.55634
0.03293 -0.0980024325147 0.55634 0.03293 0.0973115674853 0.55634
0.03293 -0.0980155257765 0.55634 0.03293 0.0972984742235 0.55634
0.03293 -0.0980291802894 0.55634 0.03293 0.0972848197106 0.55634
0.03293 -0.0980434201125 0.55634 0.03293 0.0972705798875 0.55634
0.03293 -0.0980582703365 0.55634 0.03293 0.0972557296635 0.55634
0.03293 -0.0980737571275 0.55634 0.03293 0.0972402428725 0.55634
0.03293 -0.0980899077734 0.55634 0.03293 0.0972240922266 0.55634
0.03293 -0.0981067507316 0.55634 0.03293 0.0972072492684 0.55634
0.03293 -0.0981243156794 0.55634 0.03293 0.0971896843206 0.55634
0.03293 -0.0981426335663 0.55634 0.03293 0.0971713664337 0.55634
0.03293 -0.0981617366687 0.55634 0.03293 0.0971522633313 0.55634
0.03293 -0.098181658646 0.55634 0.03293 0.097132341354 0.55634
0.03293 -0.098202434601 0.55634 0.03293 0.097111565399 0.55634
0.03293 -0.098224101141 0.55634 0.03293 0.097089898859 0.55634
0.03293 -0.0982466964425 0.55634 0.03293 0.0970673035575 0.55634
0.03293 -0.0982702603184 0.55634 0.03293 0.0970437396816 0.55634
0.03293 -0.0982948342884 0.55634 0.03293 0.0970191657116 0.55634
0.03293 -0.0983204616519 0.55634 0.03293 0.0969935383481 0.55634
0.03293 -0.0983471875644 0.55634 0.03293 0.0969668124356 0.55634
0.03293 -0.0983750591169 0.55634 0.03293 0.0969389408831 0.55634
0.03293 -0.0984041254193 0.55634 0.03293 0.0969098745807 0.55634
0.03293 -0.0984344376865 0.55634 0.03293 0.0968795623135 0.55634
0.03293 -0.0984660493286 0.55634 0.03293 0.0968479506714 0.55634
0.03293 -0.0984990160455 0.55634 0.03293 0.0968149839545 0.55634
0.03293 -0.0985333959245 0.55634 0.03293 0.0967806040755 0.55634
0.03293 -0.0985692495431 0.55634 0.03293 0.0967447504569 0.55634
0.03293 -0.0986066400754 0.55634 0.03293 0.0967073599246 0.55634
0.03293 -0.0986456334035 0.55634 0.03293 0.0966683665965 0.55634
0.03293 -0.0986862982336 0.55634 0.03293 0.0966277017664 0.55634
0.03293 -0.0987287062173 0.55634 0.03293 0.0965852937827 0.55634
0.03293 -0.0987729320772 0.55634 0.03293 0.0965410679228 0.55634
0.03293 -0.0988190537395 0.55634 0.03293 0.0964949462605 0.55634
0.03293 -0.0988671524705 0.55634 0.03293 0.0964468475295 0.55634
0.03293 -0.0989173130199 0.55634 0.03293 0.0963966869801 0.55634
0.03293 -0.0989696237708 0.55634 0.03293 0.0963443762292 0.55634
0.03293 -0.0990241768944 0.55634 0.03293 0.0962898231056 0.55634
0.03293 -0.0990810685134 0.55634 0.03293 0.0962329314866 0.55634
0.03293 -0.0991403988706 0.55634 0.03293 0.0961736011294 0.55634
0.03293 -0.0992022725059 0.55634 0.03293 0.0961117274941 0.55634
0.03293 -0.0992667984406 0.55634 0.03293 0.0960472015594 0.55634
0.03293 -0.099334090369 0.55634 0.03293 0.095979909631 0.55634
0.03293 -0.0994042668594 0.55634 0.03293 0.0959097331406 0.55634
0.03293 -0.0994774515623 0.55634 0.03293 0.0958365484377 0.55634
0.03293 -0.0995537734291 0.55634 0.03293 0.0957602265709 0.55634
0.03293 -0.0996333669384 0.55634 0.03293 0.0956806330616 0.55634
0.03293 -0.0997163723335 0.55634 0.03293 0.0955976276665 0.55634
0.03293 -0.0998029358697 0.55634 0.03293 0.0955110641303 0.55634
0.03293 -0.0998932100713 0.55634 0.03293 0.0954207899287 0.55634
0.03293 -0.0999873540009 0.55634 0.03293 0.0953266459991 0.55634
0.03293 -0.10008553354 0.55634 0.03293 0.0952284664605 0.55634
0.03293 -0.100187921679 0.55634 0.03293 0.0951260783211 0.55634
0.03293 -0.100294698826 0.55634 0.03293 0.0950193011737 0.55634
0.03293 -0.100406053122 0.55634 0.03293 0.0949079468779 0.55634
0.03293 -0.100522180772 0.55634 0.03293 0.0947918192283 0.55634
0.03293 -0.100643286391 0.55634 0.03293 0.0946707136087 0.55634
0.03293 -0.100769583368 0.55634 0.03293 0.0945444166322 0.55634
0.03293 -0.100901294235 0.55634 0.03293 0.0944127057646 0.55634
0.03293 -0.101038651067 0.55634 0.03293 0.0942753489326 0.55634
0.03293 -0.101181895885 0.55634 0.03293 0.0941321041146 0.55634
0.03293 -0.101331281085 0.55634 0.03293 0.0939827189148 0.55634
0.03293 -0.101487069882 0.55634 0.03293 0.0938269301179 0.55634
0.03293 -0.101649536774 0.55634 0.03293 0.0936644632256 0.55634
0.03293 -0.101818968027 0.55634 0.03293 0.093495031973 0.55634
0.03293 -0.101995662176 0.55634 0.03293 0.0933183378241 0.55634
0.03293 -0.102179930554 0.55634 0.03293 0.0931340694456 0.55634
0.03293 -0.102372097841 0.55634 0.03293 0.0929419021588 0.55634
0.03293 -0.102572502632 0.55634 0.03293 0.0927414973676 0.55634
0.03293 -0.102781498038 0.55634 0.03293 0.0925325019619 0.55634
0.03293 -0.102999452304 0.55634 0.03293 0.0923145476963 0.55634
0.03293 -0.103226749459 0.55634 0.03293 0.0920872505411 0.55634
0.03293 -0.103463789995 0.55634 0.03293 0.091850210005 0.55634
0.03293 -0.103710991573 0.55634 0.03293 0.0916030084274 0.55634
0.03293 -0.103968789762 0.55634 0.03293 0.0913452102375 0.55634
0.03293 -0.104237638821 0.55634 0.03293 0.0910763611787 0.55634
0.03293 -0.104518012502 0.55634 0.03293 0.0907959874984 0.55634
0.03293 -0.104810404891 0.55634 0.03293 0.0905035951094 0.55634
0.03293 -0.105115331266 0.55634 0.03293 0.0901986687337 0.55634
0.03293 -0.105433328947 0.55634 0.03293 0.0898806710527 0.55634
0.03293 -0.105764958111 0.55634 0.03293 0.0895490418886 0.55634
0.03293 -0.106110802569 0.55634 0.03293 0.089203197431 0.55634
0.03293 -0.106471470537 0.55634 0.03293 0.0888425294625 0.55634
0.03293 -0.106847595582 0.55634 0.03293 0.0884664044176 0.55634
0.03293 -0.1072398381 0.55634 0.03293 0.0880741618995 0.55634
0.03293 -0.107648887966 0.55634 0.03293 0.0876651120342 0.55634
0.03293 -0.108075469088 0.55634 0.03293 0.0872385309116 0.55634
0.03293 -0.108520346284 0.55634 0.03293 0.0867936537158 0.55634
0.03293 -0.108984333428 0.55634 0.03293 0.0863296665723 0.55634
0.03293 -0.109468298629 0.55634 0.03293 0.0858457013711 0.55634
0.03293 -0.109973156765 0.55634 0.03293 0.0853408432348 0.55634
0.03293 -0.110499833097 0.55634 0.03293 0.0848141669029 0.55634
0.03293 -0.111049178022 0.55634 0.03293 0.084264821978 0.55634
0.03293 -0.11162182162 0.55634 0.03293 0.0836921783803 0.55634
0.03293 -0.112217993245 0.55634 0.03293 0.0830960067547 0.55634
0.03293 -0.112837415311 0.55634 0.03293 0.0824765846889 0.55634
0.03293 -0.113479409419 0.55634 0.03293 0.0818345905807 0.55634
0.03293 -0.114143076685 0.55634 0.03293 0.081170923315 0.55634
0.03293 -0.114827443104 0.55634 0.03293 0.0804865568959 0.55634
0.03293 -0.115531544715 0.55634 0.03293 0.0797824552855 0.55634
0.03293 -0.116254463893 0.55634 0.03293 0.0790595361066 0.55634
0.03293 -0.116995336738 0.55634 0.03293 0.0783186632616 0.55634
0.03293 -0.117753347802 0.55634 0.03293 0.0775606521978 0.55634
0.03293 -0.118527721851 0.55634 0.03293 0.0767862781488 0.55634
0.03293 -0.119317716904 0.55634 0.03293 0.0759962830956 0.55634
0.03293 -0.120122619584 0.55634 0.03293 0.0751913804163 0.55634
0.03293 -0.120941742374 0.55634 0.03293 0.0743722576261 0.55634
0.03293 -0.121774422045 0.55634 0.03293 0.0735395779552 0.55634
0.03293 -0.122620018613 0.55634 0.03293 0.0726939813871 0.55634
0.03293 -0.123477914469 0.55634 0.03293 0.0718360855314 0.55634
0.03293 -0.124347513501 0.55634 0.03293 0.0709664864992 0.55634
0.03293 -0.125228240175 0.55634 0.03293 0.0700857598247 0.55634
0.03293 -0.126119538579 0.55634 0.03293 0.0691944614214 0.55634
0.03293 -0.127020871453 0.55634 0.03293 0.0682931285469 0.55634
0.03293 -0.127931719246 0.55634 0.03293 0.0673822807542 0.55634
0.03293 -0.128851579184 0.55634 0.03293 0.0664624208161 0.55634
0.03293 -0.12977996438 0.55634 0.03293 0.0655340356196 0.55634
0.03293 -0.130716402971 0.55634 0.03293 0.0645975970288 0.55634
0.03293 -0.131660437282 0.55634 0.03293 0.0636535627181 0.55634
0.03293 -0.13261162302 0.55634 0.03293 0.0627023769797 0.55634
0.03293 -0.133569528494 0.55634 0.03293 0.0617444715061 0.55634
0.03293 -0.13453373385 0.55634 0.03293 0.0607802661502 0.55634
0.03293 -0.135503830335 0.55634 0.03293 0.0598101696651 0.55634
0.03293 -0.136479419576 0.55634 0.03293 0.0588345804237 0.55634
0.03293 -0.137460112879 0.55634 0.03293 0.0578538871211 0.55634
0.03293 -0.138445530541 0.55634 0.03293 0.0568684694588 0.55634
0.03293 -0.139435301186 0.55634 0.03293 0.0558786988142 0.55634
0.03293 -0.140429061105 0.55634 0.03293 0.0548849388948 0.55634
0.03293 -0.141426453621 0.55634 0.03293 0.0538875463792 0.55634
0.03293 -0.142427128455 0.55634 0.03293 0.0528868715452 0.55634
0.03293 -0.143430741113 0.55634 0.03293 0.0518832588875 0.55634
0.03293 -0.144436952276 0.55634 0.03293 0.0508770477241 0.55634
0.03293 -0.145445427205 0.55634 0.03293 0.0498685727948 0.55634
0.03293 -0.146455835149 0.55634 0.03293 0.0488581648505 0.55634
0.03293 -0.147467848764 0.55634 0.03293 0.0478461512364 0.55634
0.03293 -0.148481143532 0.55634 0.03293 0.0468328564681 0.55634
0.03293 -0.149495397196 0.55634 0.03293 0.0458186028044 0.55634
0.03293 -0.150510289186 0.55634 0.03293 0.0448037108141 0.55634
0.03293 -0.151525500059 0.55634 0.03293 0.0437884999415 0.55634
0.03293 -0.152540710931 0.55634 0.03293 0.042773289069 0.55634
0.03293 -0.153555602921 0.55634 0.03293 0.0417583970789 0.55634
0.03293 -0.154569856584 0.55634 0.03293 0.0407441434155 0.55634
0.03293 -0.155583151352 0.55634 0.03293 0.0397308486478 0.55634
0.03293 -0.156595164966 0.55634 0.03293 0.0387188350343 0.55634
0.03293 -0.157605572909 0.55634 0.03293 0.0377084270909 0.55634
0.03293 -0.158614047837 0.55634 0.03293 0.0366999521626 0.55634
0.03293 -0.159620259 0.55634 0.03293 0.0356937410004 0.55634
0.03293 -0.160623871656 0.55634 0.03293 0.034690128344 0.55634
0.03293 -0.161624546489 0.55634 0.03293 0.0336894535115 0.55634
0.03293 -0.162621939003 0.55634 0.03293 0.0326920609975 0.55634
0.03293 -0.16361569892 0.55634 0.03293 0.0316983010799 0.55634
0.03293 -0.164605469563 0.55634 0.03293 0.0307085304372 0.55634
0.03293 -0.165590887223 0.55634 0.03293 0.029723112777 0.55634
0.03293 -0.166571580523 0.55634 0.03293 0.0287424194767 0.55634
0.03293 -0.167547169762 0.55634 0.03293 0.0277668302377 0.55634
0.03293 -0.168517266245 0.55634 0.03293 0.0267967337552 0.55634
0.03293 -0.169481471598 0.55634 0.03293 0.0258325284021 0.55634
0.03293 -0.170439377069 0.55634 0.03293 0.0248746229314 0.55634
0.03293 -0.171390562804 0.55634 0.03293 0.0239234371962 0.55634
0.03293 -0.172334597111 0.55634 0.03293 0.0229794028888 0.55634
0.03293 -0.173271035699 0.55634 0.03293 0.0220429643014 0.55634
0.03293 -0.174199420891 0.55634 0.03293 0.0211145791086 0.55634
0.03293 -0.175119280826 0.55634 0.03293 0.0201947191743 0.55634
0.03293 -0.176030128614 0.55634 0.03293 0.0192838713856 0.55634
0.03293 -0.176931461485 0.55634 0.03293 0.0183825385154 0.55634
0.03293 -0.177822759884 0.55634 0.03293 0.0174912401164 0.55634
0.03293 -0.178703486554 0.55634 0.03293 0.0166105134465 0.55634
0.03293 -0.179573085581 0.55634 0.03293 0.0157409144191 0.55634
0.03293 -0.180430981432 0.55634 0.03293 0.0148830185684 0.55634
0.03293 -0.181276577994 0.55634 0.03293 0.0140374220055 0.55634
0.03293 -0.18210925766 0.55634 0.03293 0.01320474234 0.55634
0.03293 -0.182928380445 0.55634 0.03293 0.0123856195554 0.55634
0.03293 -0.183733283118 0.55634 0.03293 0.0115807168819 0.55634
0.03293 -0.184523278165 0.55634 0.03293 0.0107907218347 0.55634
0.03293 -0.185297652208 0.55634 0.03293 0.010016347792 0.55634
0.03293 -0.186055663265 0.55634 0.03293 0.00925833673467 0.55634
0.03293 -0.186796536104 0.55634 0.03293 0.00851746389639 0.55634
0.03293 -0.187519455276 0.55634 0.03293 0.00779454472446 0.55634
0.03293 -0.188223556879 0.55634 0.03293 0.00709044312126 0.55634
0.03293 -0.18890792329 0.55634 0.03293 0.00640607670953 0.55634
0.03293 -0.189571590548 0.55634 0.03293 0.00574240945154 0.55634
0.03293 -0.190213584649 0.55634 0.03293 0.00510041535116 0.55634
0.03293 -0.190833006706 0.55634 0.03293 0.00448099329357 0.55634
0.03293 -0.191429188345 0.556339936173 0.03293 0.0038848216764 0.55634
0.03293 -0.192001901696 0.556339494323 0.03293 0.00331217808729 0.55634
0.03293 -0.192551434791 0.55633830991 0.03293 0.00276283317134 0.55634
0.03293 -0.193078475232 0.55633603288 0.03293 0.0022361568486 0.55634
0.03293 -0.19358392979 0.556332327435 0.03293 0.00173129872175 0.55634
0.03293 -0.194068778963 0.556326871788 0.03293 0.0012473335303 0.55634
0.03293 -0.194533991731 0.556319357938 0.03293 0.000783346396818 0.55634
0.03293 -0.194980489184 0.55630949143 0.03293 0.000338469211316 0.55634
0.03293 -0.195409137062 0.556296991125 0.03293 -8.81119006384e-05 0.55634
0.03293 -0.195820750932 0.556281588975 0.03293 -0.000497161755065 0.55634
0.03293 -0.196216104359 0.556263029787 0.03293 -0.000889404261938 0.55634
0.03293 -0.196595935775 0.556241071005 0.03293 -0.0012655292953 0.55634
0.03293 -0.196960953046 0.556215482478 0.03293 -0.00162619724998 0.55634
0.03293 -0.197311836122 0.556186046238 0.03293 -0.00197204168011 0.55634
0.03293 -0.197649238518 0.556152556282 0.03293 -0.00230367078114 0.55634
0.03293 -0.197973788275 0.556114818346 0.03293 -0.00262166833486 0.55634
0.03293 -0.19828608874 0.556072649691 0.03293 -0.00292659448694 0.55634
0.03293 -0.198586719354 0.556025878881 0.03293 -0.00321898652377 0.55634
0.03293 -0.198876236474 0.555974345573 0.03293 -0.00349935969192 0.55634
0.03293 -0.199155174236 0.555917900297 0.03293 -0.00376820804865 0.55634
0.03293 -0.199424045417 0.555856404247 0.03293 -0.00402600531756 0.55634
0.03293 -0.199683342278 0.555789729069 0.03293 -0.00427320572756 0.55634
0.03293 -0.199933537387 0.55571775665 0.03293 -0.00451024482257 0.55634
0.03293 -0.200175084397 0.555640378914 0.03293 -0.00473754023685 0.55634
0.03293 -0.200408418796 0.555557497612 0.03293 -0.00495549243573 0.55634
0.03293 -0.200633958625 0.555469024117 0.03293 -0.00516448542341 0.55634
0.03293 -0.200852105157 0.555374879224 0.03293 -0.00536488742009 0.55634
0.03293 -0.201063243558 0.555274992945 0.03293 -0.00555705151064 0.55634
0.03293 -0.201267743515 0.555169304311 0.03293 -0.00574131626628 0.55634
0.03293 -0.201465959838 0.555057761172 0.03293 -0.00591800634082 0.55634
0.03293 -0.201658233042 0.55494032 0.03293 -0.00608743304249 0.55634
0.03293 -0.201844889902 0.554816945695 0.03293 -0.00624989488228 0.55634
0.03293 -0.202026243985 0.554687611391 0.03293 -0.00640567809992 0.55634
0.03293 -0.202202596163 0.554552298259 0.03293 -0.00655505716816 0.55634
0.03293 -0.202374235105 0.554410995325 0.03293 -0.00669829527638 0.55634
0.03293 -0.202541437747 0.554263699271 0.03293 -0.00683564479433 0.55634
0.03293 -0.202704469745 0.554110414255 0.03293 -0.00696734771672 0.55634
0.03293 -0.202863585907 0.553951151721 0.03293 -0.00709363608967 0.55634
0.03293 -0.203019030615 0.553785930215 0.03293 -0.00721473241948 0.55634
0.03293 -0.203171038215 0.553614775202 0.03293 -0.00733085006468 0.55634
0.03293 -0.203319833409 0.553437718885 0.03293 -0.00744219361196 0.55634
0.03293 -0.203465631621 0.553254800026 0.03293 -0.00754895923659 0.55634
0.03293 -0.203608639347 0.553066063766 0.03293 -0.00765133504808 0.55634
0.03293 -0.203749054496 0.552871561446 0.03293 -0.0077495014216 0.55634
0.03293 -0.203887066717 0.552671350439 0.03293 -0.00784363131577 0.55634
0.03293 -0.204022857709 0.552465493968 0.03293 -0.00793389057743 0.55634
0.03293 -0.204156601522 0.552254060941 0.03293 -0.00802043823376 0.55634
0.03293 -0.204288464842 0.552037125774 0.03293 -0.00810342677256 0.55634
0.03293 -0.204418607273 0.551814768227 0.03293 -0.00818300241086 0.55634
0.03293 -0.219578201088 0.527813629584 0.03293 -0.00990838976868 0.55634
0.03293 -0.220274322571 0.527961890233 0.03293 -0.00990387938732 0.55634
0.03293 -0.220967713116 0.528116830261 0.03293 -0.00989912911312 0.55634
0.03293 -0.221658250491 0.528278371796 0.03293 -0.00989413057777 0.55634
0.03293 -0.222345812693 0.528446433599 0.03293 -0.00988887497543 0.55634
0.03293 -0.223030277957 0.528620931103 0.03293 -0.00988335304725 0.55634
0.03293 -0.223711524774 0.528801776445 0.03293 -0.00987755506503 0.55634
0.03293 -0.224389431904 0.52898887851 0.03293 -0.00987147081409 0.55634
0.03293 -0.225063878385 0.529182142966 0.03293 -0.00986508957529 0.55634
0.03293 -0.22573474355 0.529381472305 0.03293 -0.00985840010613 0.55634
0.03293 -0.22640190703 0.529586765891 0.03293 -0.00985139062094 0.55634
0.03293 -0.22706524877 0.52979792 0.03293 -0.00984404877012 0.55634
0.03293 -0.227724649033 0.530014827865 0.03293 -0.0098363616184 0.55634
0.03293 -0.22837998841 0.530237379728 0.03293 -0.00982831562201 0.55634
0.03293 -0.229031147825 0.530465462886 0.03293 -0.00981989660487 0.55634
0.03293 -0.22967800854 0.53069896174 0.03293 -0.00981108973356 0.55634
0.03293 -0.230320452161 0.530937757853 0.03293 -0.00980187949123 0.55634
0.03293 -0.23095836064 0.531181729998 0.03293 -0.00979224965023 0.55634
0.03293 -0.231591616273 0.531430754214 0.03293 -0.00978218324354 0.55634
0.03293 -0.232220101706 0.531684703868 0.03293 -0.00977166253486 0.55634
0.03293 -0.232843699931 0.531943449706 0.03293 -0.00976066898737 0.55634
0.03293 -0.233462294282 0.532206859918 0.03293 -0.00974918323106 0.55634
0.03293 -0.234075768436 0.5324748002 0.03293 -0.00973718502862 0.55634
0.03293 -0.234684006401 0.532747133813 0.03293 -0.00972465323977 0.55634
0.03293 -0.235286892514 0.53302372165 0.03293 -0.00971156578399 0.55634
0.03293 -0.235884311431 0.533304422303 0.03293 -0.00969789960168 0.55634
0.03293 -0.236476148116 0.533589092129 0.03293 -0.00968363061344 0.55634
0.03293 -0.237062287827 0.533877585321 0.03293 -0.00966873367773 0.55634
0.03293 -0.237642616106 0.534169753977 0.03293 -0.00965318254652 0.55634
0.03293 -0.23821701876 0.534465448175 0.03293 -0.00963694981906 0.55634
0.03293 -0.238785381844 0.534764516044 0.03293 -0.00962000689359 0.55634
0.03293 -0.239347591638 0.535066803842 0.03293 -0.00960232391695 0.55634
0.03293 -0.23990353463 0.53537215603 0.03293 -0.009583869732 0.55634
0.03293 -0.240453097488 0.535680415357 0.03293 -0.00956461182268 0.55634
0.03293 -0.24099616703 0.535991422931 0.03293 -0.00954451625675 0.55634
0.03293 -0.241532630201 0.536305018308 0.03293 -0.009523547626 0.55634
0.03293 -0.242062374036 0.536621039575 0.03293 -0.00950166898385 0.55634
0.03293 -0.242585285626 0.536939323431 0.03293 -0.00947884178026 0.55634
0.03293 -0.243101252081 0.537259705273 0.03293 -0.00945502579379 0.55634
0.03293 -0.243610160488 0.537582019292 0.03293 -0.00943017906074 0.55634
0.03293 -0.244111897871 0.537906098552 0.03293 -0.00940425780124 0.55634
0.03293 -0.244606351138 0.538231775089 0.03293 -0.00937721634207 0.55634
0.03293 -0.245093407036 0.53855888 0.03293 -0.00934900703618 0.55634
0.03293 -0.245572952094 0.538887243537 0.03293 -0.00931958017877 0.55634
0.03293 -0.246044872567 0.539216695205 0.03293 -0.00928888391972 0.55634
0.03293 -0.246509054376 0.539547063859 0.03293 -0.00925686417216 0.55634
0.03293 -0.246965383038 0.539878177799 0.03293 -0.00922346451726 0.55634
0.03293 -0.247413743604 0.540209864877 0.03293 -0.00918862610474 0.55634
0.03293 -0.24785402058 0.540541952594 0.03293 -0.00915228754925 0.55634
0.03293 -0.248286097851 0.540874268205 0.03293 -0.00911438482215 0.55634
0.03293 -0.248709858597 0.541206638824 0.03293 -0.00907485113874 0.55634
0.03293 -0.249125185209 0.541538891531 0.03293 -0.00903361684052 0.55634
0.03293 -0.249531959191 0.541870853483 0.03293 -0.00899060927255 0.55634
0.03293 -0.249930061068 0.542202352017 0.03293 -0.00894575265535 0.55634
0.03293 -0.250319370279 0.542533214768 0.03293 -0.0088989679514 0.55634
0.03293 -0.250699765067 0.542863269778 0.03293 -0.0088501727259 0.55634
0.03293 -0.251071122368 0.543192345613 0.03293 -0.0087992810015 0.55634
0.03293 -0.251433317686 0.543520271477 0.03293 -0.00874620310681 0.55634
0.03293 -0.251786224968 0.543846877331 0.03293 -0.0086908455184 0.55634
0.03293 -0.252129716466 0.544171994012 0.03293 -0.00863311069603 0.55634
0.03293 -0.2524636626 0.544495453352 0.03293 -0.00857289691076 0.55634
0.03293 -0.252787931802 0.544817088303 0.03293 -0.00851009806572 0.55634
0.03293 -0.253102390369 0.545136733058 0.03293 -0.00844460350917 0.55634
0.03293 -0.253406902287 0.54545422318 0.03293 -0.00837629783954 0.55634
0.03293 -0.253701329067 0.545769395726 0.03293 -0.00830506070205 0.55634
0.03293 -0.25398552956 0.546082089374 0.03293 -0.00823076657671 0.55634
0.03293 -0.254259359763 0.546392144559 0.03293 -0.00815328455711 0.55634
0.03293 -0.254522672623 0.546699403598 0.03293 -0.0080724781198 0.55634
0.03293 -0.254775317824 0.547003710828 0.03293 -0.0079882048837 0.55634
0.03293 -0.255017141568 0.547304912739 0.03293 -0.00790031635924 0.55634
0.03293 -0.255247986342 0.547602858109 0.03293 -0.00780865768675 0.55634
0.03293 -0.255467690676 0.547897398143 0.03293 -0.00771306736356 0.55634
0.03293 -0.255676088888 0.548188386613 0.03293 -0.00761337695947 0.55634
0.03293 -0.25587301082 0.54847568 0.03293 -0.00750941081994 0.55634
0.03293 -0.256058281554 0.548759137632 0.03293 -0.00740098575662 0.55634
0.03293 -0.256231721123 0.549038621833 0.03293 -0.00728791072459 0.55634
0.03293 -0.256393144205 0.549313998065 0.03293 -0.00716998648568 0.55634
0.03293 -0.256542359799 0.549585135079 0.03293 -0.00704700525749 0.55634
0.03293 -0.256679170891 0.54985190506 0.03293 -0.00691875034722 0.55634
0.03293 -0.256803374104 0.55011418378 0.03293 -0.00678499576989 0.55634
0.03293 -0.256914759326 0.550371850748 0.03293 -0.00664550585018 0.55634
0.03293 -0.257013109328 0.550624789364 0.03293 -0.00650003480713 0.55634
0.03293 -0.257098199359 0.550872887075 0.03293 -0.00634832632109 0.55634
0.03293 -0.257169796729 0.55111603553 0.03293 -0.00619011308212 0.55634
0.03293 -0.257227660362 0.55135413074 0.03293 -0.00602511631896 0.55634
0.03293 -0.257271540338 0.551587073234 0.03293 -0.00585304530786 0.55634
0.03293 -0.257301177413 0.551814768227 0.03293 -0.00567359686033 0.55634
0.03293 -0.25731630251 0.552037125774 0.03293 -0.0054864547889 0.55634
0.03293 -0.257316636198 0.552254060941 0.03293 -0.00529128935006 0.55634
0.03293 -0.257301888136 0.552465493968 0.03293 -0.0050877566632 0.55634
0.03293 -0.257271756499 0.552671350439 0.03293 -0.00487549810474 0.55634
0.03293 -0.257225927379 0.552871561446 0.03293 -0.00465413967623 0.55634
0.03293 -0.257164074151 0.553066063766 0.03293 -0.00442329134536 0.55634
0.03293 -0.257085856821 0.553254800026 0.03293 -0.00418254635875 0.55634
0.03293 -0.256990921336 0.553437718885 0.03293 -0.00393148052526 0.55634
0.03293 -0.256878898869 0.553614775202 0.03293 -0.00366965146857 0.55634
0.03293 -0.256749405067 0.553785930215 0.03293 -0.00339659784772 0.55634
0.03293 -0.256602039273 0.553951151721 0.03293 -0.00311183854422 0.55634
0.03293 -0.256436383703 0.554110414255 0.03293 -0.00281487181439 0.55634
0.03293 -0.256252002595 0.554263699271 0.03293 -0.00250517440523 0.55634
0.03293 -0.256048441319 0.554410995325 0.03293 -0.00218220063251 0.55634
0.03293 -0.255825225441 0.554552298259 0.03293 -0.00184538141928 0.55634
0.03293 -0.255581859753 0.554687611391 0.03293 -0.00149412329315 0.55634
0.03293 -0.255317827261 0.554816945695 0.03293 -0.00112780734065 0.55634
0.03293 -0.255032588117 0.55494032 0.03293 -0.000745788116636 0.55634
0.03293 -0.254725578518 0.555057761172 0.03293 -0.000347392507106 0.55634
0.03293 -0.254396209549 0.555169304311 0.03293 6.80814569048e-05 0.55634
0.03293 -0.254043865975 0.555274992945 0.03293 0.000501365836182 0.55634
0.03293 -0.25366790498 0.555374879224 0.03293 0.000953224073222 0.55634
0.03293 -0.253267654857 0.555469024117 0.03293 0.00142445233733 0.55634
0.03293 -0.252842413631 0.555557497612 0.03293 0.00191588092723 0.55634
0.03293 -0.252391447628 0.555640378914 0.03293 0.00242837573352 0.55634
0.03293 -0.25191398998 0.55571775665 0.03293 0.00296283976361 0.55634
0.03293 -0.251409239067 0.555789729069 0.03293 0.00352021473181 0.55634
0.03293 -0.250876356885 0.555856404247 0.03293 0.00410148271828 0.55634
0.03293 -0.250314467349 0.555917900297 0.03293 0.00470766790092 0.55634
0.03293 -0.249722654507 0.555974345573 0.03293 0.00533983836573 0.55634
0.03293 -0.249099960679 0.556025878881 0.03293 0.00599910800134 0.55634
0.03293 -0.248445384504 0.556072649691 0.03293 0.00668663848243 0.55634
0.03293 -0.247757878899 0.556114818346 0.03293 0.0074036413409 0.55634
0.03293 -0.247036348941 0.556152556282 0.03293 0.00815138011202 0.55634
0.03293 -0.246279649711 0.556186046238 0.03293 0.00893117252268 0.55634
0.03293 -0.245486584149 0.556215482478 0.03293 0.00974439266539 0.55634
0.03293 -0.244655900992 0.556241071005 0.03293 0.0105924730905 0.55634
0.03293 -0.243786292826 0.556263029787 0.03293 0.0114769067858 0.55634
0.03293 -0.242876394136 0.556281588975 0.03293 0.0123992491556 0.55634
0.03293 -0.241924778928 0.556296991125 0.03293 0.0133611204278 0.55634
0.03293 -0.24092995697 0.55630949143 0.03293 0.0143642094468 0.55634
0.03293 -0.23989036705 0.556319357938 0.03293 0.0154102804401 0.55634
0.03293 -0.238804365352 0.556326871788 0.03293 0.0165011846766 0.55634
0.03293 -0.237670207917 0.556332327435 0.03293 0.0176388780353 0.55634
0.03293 -0.236486029825 0.55633603288 0.03293 0.0188254418538 0.55634
0.03293 -0.235249831982 0.55633830991 0.03293 0.0200630961677 0.55634
0.03293 -0.233959500253 0.556339494323 0.03293 0.0213541806127 0.55634
0.03293 -0.232612898537 0.556339936173 0.03293 0.022701061377 0.55634
0.03293 -0.2312080868 0.55634 0.03293 0.0241059131999 0.55634
0.03293 -0.229743652602 0.55634 0.03293 0.0255703473975 0.55634
0.03293 -0.228219049498 0.55634 0.03293 0.0270949505015 0.55634
0.03293 -0.226634987373 0.55634 0.03293 0.0286790126268 0.55634
0.03293 -0.224993201114 0.55634 0.03293 0.0303207988865 0.55634
0.03293 -0.223295989464 0.55634 0.03293 0.0320180105356 0.55634
0.03293 -0.221545843274 0.55634 0.03293 0.0337681567263 0.55634
0.03293 -0.219745227709 0.55634 0.03293 0.0355687722905 0.55634
0.03293 -0.217896489435 0.55634 0.03293 0.0374175105654 0.55634
0.03293 -0.216001837731 0.55634 0.03293 0.0393121622689 0.55634
0.03293 -0.214063357966 0.55634 0.03293 0.0412506420344 0.55634
0.03293 -0.212083032666 0.55634 0.03293 0.0432309673344 0.55634
0.03293 -0.21006275932 0.55634 0.03293 0.0452512406803 0.55634
0.03293 -0.208004362271 0.55634 0.03293 0.0473096377295 0.55634
0.03293 -0.20590959972 0.55634 0.03293 0.0494044002797 0.55634
0.03293 -0.203780167766 0.55634 0.03293 0.0515338322336 0.55634
0.03293 -0.201617703057 0.55634 0.03293 0.053696296943 0.55634
0.03293 -0.199423785023 0.55634 0.03293 0.0558902149773 0.55634
0.03293 -0.197199938115 0.55634 0.03293 0.0581140618847 0.55634
0.03293 -0.194947634165 0.55634 0.03293 0.0603663658352 0.55634
0.03293 -0.192668294825 0.55634 0.03293 0.0626457051753 0.55634
0.03293 -0.190363294039 0.55634 0.03293 0.0649507059607 0.55634
0.03293 -0.188033960476 0.55634 0.03293 0.0672800395243 0.55634
0.03293 -0.18568157989 0.55634 0.03293 0.0696324201105 0.55634
0.03293 -0.183307397411 0.55634 0.03293 0.0720066025893 0.55634
0.03293 -0.18091261975 0.55634 0.03293 0.0744013802497 0.55634
0.03293 -0.178498417332 0.55634 0.03293 0.0768155826676 0.55634
0.03293 -0.176065926358 0.55634 0.03293 0.0792480736421 0.55634
0.03293 -0.173616250806 0.55634 0.03293 0.0816977491941 0.55634
0.03293 -0.171150464378 0.55634 0.03293 0.0841635356215 0.55634
0.03293 -0.168669612391 0.55634 0.03293 0.0866443876089 0.55634
0.03293 -0.166174713614 0.55634 0.03293 0.0891392863857 0.55634
0.03293 -0.163666762069 0.55634 0.03293 0.0916472379315 0.55634
0.03293 -0.161146728775 0.55634 0.03293 0.0941672712246 0.55634
0.03293 -0.158615563469 0.55634 0.03293 0.0966984365312 0.55634
0.03293 -0.156074196268 0.55634 0.03293 0.099239803732 0.55634
0.03293 -0.153523539317 0.55634 0.03293 0.101790460683 0.55634
0.03293 -0.150964488391 0.55634 0.03293 0.104349511609 0.55634
0.03293 -0.148397924475 0.55634 0.03293 0.106916075525 0.55634
0.03293 -0.145824715318 0.55634 0.03293 0.109489284682 0.55634
0.03293 -0.143245716959 0.55634 0.03293 0.112068283041 0.55634
0.03293 -0.140661775235 0.55634 0.03293 0.114652224765 0.55634
0.03293 -0.138073727276 0.55634 0.03293 0.117240272724 0.55634
0.03293 -0.135482402975 0.55634 0.03293 0.119831597025 0.55634
0.03293 -0.132888626452 0.55634 0.03293 0.122425373548 0.55634
0.03293 -0.130293217507 0.55634 0.03293 0.125020782493 0.55634
0.03293 -0.127696993064 0.55634 0.03293 0.127617006936 0.55634
0.03293 -0.125100768609 0.55634 0.03293 0.130213231391 0.55634
0.03293 -0.12250535963 0.55634 0.03293 0.13280864037 0.55634
0.03293 -0.119911583048 0.55634 0.03293 0.135402416952 0.55634
0.03293 -0.117320258664 0.55634 0.03293 0.137993741336 0.55634
0.03293 -0.114732210598 0.55634 0.03293 0.140581789402 0.55634
0.03293 -0.112148268744 0.55634 0.03293 0.143165731256 0.55634
0.03293 -0.10956927023 0.55634 0.03293 0.14574472977 0.55634
0.03293 -0.106996060893 0.55634 0.03293 0.148317939107 0.55634
0.03293 -0.104429496774 0.55634 0.03293 0.150884503226 0.55634
0.03293 -0.101870445618 0.55634 0.03293 0.153443554382 0.55634
0.03293 -0.0993197884118 0.55634 0.03293 0.155994211588 0.55634
0.03293 -0.0967784209297 0.55634 0.03293 0.15853557907 0.55634
0.03293 -0.0942472553152 0.55634 0.03293 0.161066744685 0.55634
0.03293 -0.0917272216871 0.55634 0.03293 0.163586778313 0.55634
0.03293 -0.0892192697786 0.55634 0.03293 0.166094730221 0.55634
0.03293 -0.0867243706106 0.55634 0.03293 0.168589629389 0.55634
0.03293 -0.084243518203 0.55634 0.03293 0.171070481797 0.55634
0.03293 -0.0817777313255 0.55634 0.03293 0.173536268675 0.55634
0.03293 -0.0793280552928 0.55634 0.03293 0.175985944707 0.55634
0.03293 -0.0768955638061 0.55634 0.03293 0.178418436194 0.55634
0.03293 -0.0744813608436 0.55634 0.03293 0.180832639156 0.55634
0.03293 -0.0720865826052 0.55634 0.03293 0.183227417395 0.55634
0.03293 -0.069712399514 0.55634 0.03293 0.185601600486 0.55634
0.03293 -0.06736001828 0.55634 0.03293 0.18795398172 0.55634
0.03293 -0.065030684032 0.55634 0.03293 0.190283315968 0.55634
0.03293 -0.0627256825243 0.55634 0.03293 0.192588317476 0.55634
0.03293 -0.0604463424227 0.55634 0.03293 0.194867657577 0.55634
0.03293 -0.0581940376701 0.55634 0.03293 0.19711996233 0.55634
0.03293 -0.0559701899188 0.55634 0.03293 0.199343810081 0.55634
0.03293 -0.0537762709973 0.55634 0.03293 0.201537729003 0.55634
0.03293 -0.0516138053556 0.55634 0.03293 0.203700194644 0.55634
0.03293 -0.0494843724227 0.55634 0.03293 0.205829627577 0.55634
0.03293 -0.0473896088451 0.55634 0.03293 0.207924391155 0.55634
0.03293 -0.0453312107183 0.55634 0.03293 0.209982789282 0.55634
0.03293 -0.0433109362427 0.55634 0.03293 0.212003063757 0.55634
0.03293 -0.0413306097588 0.55634 0.03293 0.213983390241 0.55634
0.03293 -0.0393921287532 0.55634 0.03293 0.215921871247 0.55634
0.03293 -0.0374974757511 0.55634 0.03293 0.217816524249 0.55634
0.03293 -0.0356487361168 0.55634 0.03293 0.219665263883 0.55634
0.03293 -0.0338481191301 0.55634 0.03293 0.22146588087 0.55634
0.03293 -0.0320979714511 0.55634 0.03293 0.223216028549 0.55634
0.03293 -0.0304007582453 0.55634 0.03293 0.224913241755 0.55634
0.03293 -0.0287589703579 0.55634 0.03293 0.226555029642 0.55634
0.03293 -0.0271749065309 0.55634 0.03293 0.228139093469 0.55634
0.03293 -0.025650301648 0.55634 0.03293 0.22966368833 0.556339936173
0.03293 -0.0241858655914 0.55634 0.03293 0.231128054625 0.556339494323
0.03293 -0.0227810118259 0.55634 0.03293 0.232532720212 0.55633830991
0.03293 -0.021434129032 0.55634 0.03293 0.233879238888 0.55633603288
0.03293 -0.0201430424669 0.55634 0.03293 0.235169729021 0.556332327435
0.03293 -0.0189053859385 0.55634 0.03293 0.236406501569 0.556326871788
0.03293 -0.0177188198073 0.55634 0.03293 0.237591842065 0.556319357938
0.03293 -0.0165811240336 0.55634 0.03293 0.238727917571 0.55630949143
0.03293 -0.0154902172753 0.55634 0.03293 0.239816757564 0.556296991125
0.03293 -0.0144441436491 0.55634 0.03293 0.240860267174 0.556281588975
0.03293 -0.0134410518815 0.55634 0.03293 0.241860248021 0.556263029787
0.03293 -0.0124791777401 0.55634 0.03293 0.24281841578 0.556241071005
0.03293 -0.0115568323763 0.55634 0.03293 0.243736411827 0.556215482478
0.03293 -0.0106723955634 0.55634 0.03293 0.244615809995 0.556186046238
0.03293 -0.00982431190402 0.55634 0.03293 0.245458120359 0.556152556282
0.03293 -0.00901108842054 0.55634 0.03293 0.24626479164 0.556114818346
0.03293 -0.00823129257452 0.55634 0.03293 0.247037213172 0.556072649691
0.03293 -0.00748355028532 0.55634 0.03293 0.247776716885 0.556025878881
0.03293 -0.00676654383709 0.55634 0.03293 0.248484579381 0.555974345573
0.03293 -0.00607900970458 0.55634 0.03293 0.249162024108 0.555917900297
0.03293 -0.0054197363649 0.55634 0.03293 0.249810223536 0.555856404247
0.03293 -0.00478756215151 0.55634 0.03293 0.250430301298 0.555789729069
0.03293 -0.00418137318309 0.55634 0.03293 0.251023334253 0.55571775665
0.03293 -0.00360010138033 0.55634 0.03293 0.25159035446 0.555640378914
0.03293 -0.00304272257137 0.55634 0.03293 0.252132351068 0.555557497612
0.03293 -0.00250825468158 0.55634 0.03293 0.252650272117 0.555469024117
0.03293 -0.00199575600159 0.55634 0.03293 0.253145026262 0.555374879224
0.03293 -0.00150432352848 0.55634 0.03293 0.253617484424 0.555274992945
0.03293 -0.00103309137562 0.55634 0.03293 0.254068481376 0.555169304311
0.03293 -0.000581229247821 0.55634 0.03293 0.254498817255 0.555057761172
0.03293 -0.000147940978878 0.55634 0.03293 0.254909259021 0.55494032
0.03293 0.000267536871015 0.55634 0.03293 0.255300541851 0.554816945695
0.03293 0.000665936360342 0.55634 0.03293 0.255673370475 0.554687611391
0.03293 0.00104795945613 0.55634 0.03293 0.256028420461 0.554552298259
0.03293 0.00141427927081 0.55634 0.03293 0.256366339442 0.554410995325
0.03293 0.00176554124825 0.55634 0.03293 0.256687748296 0.554263699271
0.03293 0.00210236430099 0.55634 0.03293 0.256993242273 0.554110414255
0.03293 0.00242534190078 0.55634 0.03293 0.257283392083 0.553951151721
0.03293 0.0027350431242 0.55634 0.03293 0.257558744929 0.553785930215
0.03293 0.00303201365542 0.55634 0.03293 0.257819825505 0.553614775202
0.03293 0.00331677674759 0.55634 0.03293 0.25806713695 0.553437718885
0.03293 0.00358983414483 0.55634 0.03293 0.25830116176 0.553254800026
0.03293 0.00385166696628 0.55634 0.03293 0.258522362668 0.553066063766
0.03293 0.00410273655378 0.55634 0.03293 0.258731183479 0.552871561446
0.03293 0.00434348528478 0.55634 0.03293 0.258928049883 0.552671350439
0.03293 0.00457433735174 0.55634 0.03293 0.25911337022 0.552465493968
0.03293 0.00479569950957 0.55634 0.03293 0.259287536222 0.552254060941
0.03293 0.00500796179229 0.55634 0.03293 0.259450923723 0.552037125774
0.03293 0.00521149820028 0.55634 0.03293 0.259603893338 0.551814768227
0.03293 0.00540666735924 0.55634 0.03293 0.259746791117 0.551587073234
0.03293 0.00559381315205 0.55634 0.03293 0.259879949163 0.55135413074
0.03293 0.00577326532473 0.55634 0.03293 0.260003686236 0.55111603553
0.03293 0.00594534006738 0.55634 0.03293 0.260118308327 0.550872887075
0.03293 0.00611034057133 0.55634 0.03293 0.260224109201 0.550624789364
0.03293 0.00626855756333 0.55634 0.03293 0.260321370932 0.550371850748
0.03293 0.00642026981783 0.55634 0.03293 0.260410364401 0.55011418378
0.03293 0.00656574464812 0.55634 0.03293 0.260491349784 0.54985190506
0.03293 0.00670523837737 0.55634 0.03293 0.260564577013 0.549585135079
0.03293 0.00683899679023 0.55634 0.03293 0.26063028622 0.549313998065
0.03293 0.00696725556592 0.55634 0.03293 0.260688708166 0.549038621833
0.03293 0.00709024069347 0.55634 0.03293 0.260740064643 0.548759137632
0.03293 0.0072081688699 0.55634 0.03293 0.26078456887 0.54847568
0.03293 0.00732124788203 0.55634 0.03293 0.260822425864 0.548188386613
0.03293 0.00742967697262 0.55634 0.03293 0.260853832801 0.547897398143
0.03293 0.0075336471914 0.55634 0.03293 0.260878979355 0.547602858109
0.03293 0.0076333417317 0.55634 0.03293 0.260898048034 0.547304912739
0.03293 0.00772893625321 0.55634 0.03293 0.260911214488 0.547003710828
0.03293 0.00782059919155 0.55634 0.03293 0.260918647817 0.546699403598
0.03293 0.00790849205497 0.55634 0.03293 0.260920510856 0.546392144559
0.03293 0.00799276970896 0.55634 0.03293 0.260916960455 0.546082089374
0.03293 0.00807358064912 0.55634 0.03293 0.26090814774 0.545769395726
0.03293 0.00815106726279 0.55634 0.03293 0.260894218375 0.54545422318
0.03293 0.00822536607993 0.55634 0.03293 0.260875312795 0.545136733058
0.03293 0.00829660801371 0.55634 0.03293 0.260851566448 0.544817088303
0.03293 0.00836491859114 0.55634 0.03293 0.260823110013 0.544495453352
0.03293 0.00843041817424 0.55634 0.03293 0.260790069617 0.544171994012
0.03293 0.00849322217216 0.55634 0.03293 0.260752567035 0.543846877331
0.03293 0.00855344124449 0.55634 0.03293 0.260710719889 0.543520271477
0.03293 0.00861118149622 0.55634 0.03293 0.260664641838 0.543192345613
0.03293 0.00866654466476 0.55634 0.03293 0.26061444275 0.542863269778
0.03293 0.00871962829912 0.55634 0.03293 0.260560228881 0.542533214768
0.03293 0.00877052593185 0.55634 0.03293 0.260502103035 0.542202352017
0.03293 0.00881932724382 0.55634 0.03293 0.260440164723 0.541870853483
0.03293 0.00886611822221 0.55634 0.03293 0.260374510314 0.541538891531
0.03293 0.00891098131204 0.55634 0.03293 0.260305233177 0.541206638824
0.03293 0.00895399556146 0.55634 0.03293 0.260232423819 0.540874268205
0.03293 0.00899523676098 0.55634 0.03293 0.260156170019 0.540541952594
0.03293 0.00903477757705 0.55634 0.03293 0.260076556952 0.540209864877
0.03293 0.00907268768006 0.55634 0.03293 0.25999366731 0.539878177799
0.03293 0.00910903386714 0.55634 0.03293 0.259907581418 0.539547063859
0.03293 0.00914388017981 0.55634 0.03293 0.259818377342 0.539216695205
0.03293 0.00917728801688 0.55634 0.03293 0.259726130996 0.538887243537
0.03293 0.00920931624254 0.55634 0.03293 0.259630916243 0.53855888
0.03293 0.00924002129019 0.55634 0.03293 0.259532804989 0.538231775089
0.03293 0.00926945726177 0.55634 0.03293 0.259431867279 0.537906098552
0.03293 0.00929767602316 0.55634 0.03293 0.25932817138 0.537582019292
0.03293 0.00932472729552 0.55634 0.03293 0.259221783867 0.537259705273
0.03293 0.00935065874292 0.55634 0.03293 0.259112769704 0.536939323431
0.03293 0.00937551605634 0.55634 0.03293 0.259001192319 0.536621039575
0.03293 0.00939934303412 0.55634 0.03293 0.258887113678 0.536305018308
0.03293 0.00942218165918 0.55634 0.03293 0.258770594352 0.535991422931
0.03293 0.00944407217299 0.55634 0.03293 0.258651693589 0.535680415357
0.03293 0.00946505314753 0.55634 0.03293 0.258530469372 0.53537215603
0.03293 0.0094851615575 0.55634 0.03293 0.258406978488 0.535066803842
0.03293 0.00950443284603 0.55634 0.03293 0.258281276584 0.534764516044
0.03293 0.00952290098509 0.55634 0.03293 0.25815341822 0.534465448175
0.03293 0.0095405985332 0.55634 0.03293 0.258023456923 0.534169753977
0.03293 0.00955755669122 0.55634 0.03293 0.257891445229 0.533877585321
0.03293 0.00957380535661 0.55634 0.03293 0.257757434732 0.533589092129
0.03293 0.0095893731758 0.55634 0.03293 0.257621476133 0.533304422303
0.03293 0.00960428759467 0.55634 0.03293 0.257483619277 0.53302372165
0.03293 0.00961857490699 0.55634 0.03293 0.257343913197 0.532747133813
0.03293 0.00963226030094 0.55634 0.03293 0.257202406153 0.5324748002
0.03293 0.00964536790346 0.55634 0.03293 0.257059145666 0.532206859918
0.03293 0.0096579208229 0.55634 0.03293 0.256914178559 0.531943449706
0.03293 0.00966994118976 0.55634 0.03293 0.256767550983 0.531684703868
0.03293 0.00968145019566 0.55634 0.03293 0.256619308453 0.531430754214
0.03293 0.00969246813076 0.55634 0.03293 0.256469495878 0.531181729998
0.03293 0.00970301441947 0.55634 0.03293 0.256318157587 0.530937757853
0.03293 0.00971310765473 0.55634 0.03293 0.256165337356 0.53069896174
0.03293 0.00972276563078 0.55634 0.03293 0.256011078436 0.530465462886
0.03293 0.00973200537452 0.55634 0.03293 0.255855423571 0.530237379728
0.03293 0.00974084317554 0.55634 0.03293 0.255698415029 0.530014827865
0.03293 0.00974929461483 0.55634 0.03293 0.255540094615 0.52979792
0.03293 0.00975737459225 0.55634 0.03293 0.255380503695 0.529586765891
0.03293 0.0097650973528 0.55634 0.03293 0.255219683214 0.529381472305
0.03293 0.00977247651174 0.55634 0.03293 0.255057673714 0.529182142966
0.03293 0.00977952507857 0.55634 0.03293 0.254894515351 0.52898887851
0.03293 0.00978625548 0.55634 0.03293 0.254730247907 0.528801776445
0.03293 0.00979267958184 0.55634 0.03293 0.254564910809 0.528620931103
0.03293 0.00979880870991 0.55634 0.03293 0.254398543139 0.528446433599
0.03293 0.00980465367003 0.55634 0.03293 0.254231183648 0.528278371796
0.03293 0.00981022476704 0.55634 0.03293 0.254062870768 0.528116830261
0.03293 0.00981553182301 0.55634 0.03293 0.253893642619 0.527961890233
0.03293 0.00982058419451 0.55634 0.03293 0.253723537024 0.527813629584
0.03293 0.00982539078915 0.55634 0.03293 0.253552591516 0.527672122789
0.03293 0.00982996008125 0.55634 0.03293 0.253380843343 0.527537440892
0.03293 0.00983430012678 0.55634 0.03293 0.25320832948 0.527409651476
0.03293 0.00983841857762 0.55634 0.03293 0.253035086633 0.527288818636
0.03293 0.00984232269496 0.55634 0.03293 0.252861151245 0.527175002948
0.03293 0.00984601936217 0.55634 0.03293 0.252686559504 0.527068261447
0.03293 0.00984951509692 0.55634 0.03293 0.252511347343 0.526968647599
0.03293 0.00985281606266 0.55634 0.03293 0.252335550448 0.526876211285
0.03293 0.0098559280795 0.55634 0.03293 0.252159204259 0.52679099877
0.03293 0.00985885663445 0.55634 0.03293 0.251982343973 0.526713052695
0.03293 0.00986160689113 0.55634 0.03293 0.251805004548 0.526642412049
0.03293 0.00986418369884 0.55634 0.03293 0.251627220702 0.526579112159
0.03293 0.00986659160112 0.55634 0.03293 0.251449026916 0.526523184672
0.03293 0.00986883484378 0.55634 0.03293 0.251270457433 0.526474657543
0.03293 0.00987091738237 0.55634 0.03293 0.251091546259 0.526433555026
0.03293 0.00987284288915 0.55634 0.03293 0.25091232716 0.526399897657
0.03293 0.00987461475958 0.55634 0.03293 0.250732833666 0.526373702252
0.03293 0.00987623611829 0.55634 0.03293 0.250553099065 0.526354981897
0.03293 0.0098777098246 0.55634 0.03293 0.250373156402 0.526343745942
0.03293 0.00987903847757 0.55634 0.03293 0.250193038478 0.52634
0.03293 0.00988022442059 0.55634 0.03293 0.250012777843 0.526343745942
0.03293 0.00988126974546 0.55634 0.03293 0.249832406798 0.526354981897
0.03293 0.00988217629616 0.55634 0.03293 0.249651957389 0.526373702252
0.03293 0.00988294567203 0.55634 0.03293 0.249471461401 0.526399897657
0.03293 0.00988357923065 0.55634 0.03293 0.249290950354 0.526433555026
0.03293 0.00988407809019 0.55634 0.03293 0.249110455501 0.526474657543
0.03293 0.0098844431314 0.55634 0.03293 0.248930007816 0.526523184672
0.03293 0.00988467499918 0.55634 0.03293 0.248749637996 0.526579112159
0.03293 0.0098847741037 0.55634 0.03293 0.248569376447 0.526642412049
0.03293 0.00988474062114 0.55634 0.03293 0.248389253283 0.526713052695
0.03293 0.00988457449397 0.55634 0.03293 0.248209298315 0.52679099877
0.03293 0.00988427543091 0.55634 0.03293 0.248029541046 0.526876211285
0.03293 0.00988384290636 0.55634 0.03293 0.24785001066 0.526968647599
0.03293 0.00988327615952 0.55634 0.03293 0.247670736018 0.527068261447
0.03293 0.00988257419302 0.55634 0.03293 0.247491745643 0.527175002948
0.03293 0.00988173577118 0.55634 0.03293 0.247313067716 0.527288818636
0.03293 0.00988075941783 0.55634 0.03293 0.247134730065 0.527409651476
0.03293 0.00987964341374 0.55634 0.03293 0.246956760152 0.527537440892
0.03293 0.00987838579353 0.55634 0.03293 0.246779185067 0.527672122789
0.03293 0.00987698434227 0.55634 0.03293 0.246602031512 0.527813629584
0.03293 0.00987543659155 0.55634 0.03293 0.246425325796 0.527961890233
0.03293 0.00987373981513 0.55634 0.03293 0.246249093815 0.528116830261
0.03293 0.00987189102416 0.55634 0.03293 0.246073361046 0.528278371796
0.03293 0.00986988696188 0.55634 0.03293 0.245898152533 0.528446433599
0.03293 0.00986772409792 0.55634 0.03293 0.245723492871 0.528620931103
0.03293 0.00986539862206 0.55634 0.03293 0.245549406195 0.528801776445
0.03293 0.00986290643752 0.55634 0.03293 0.245375916165 0.52898887851
0.03293 0.00986024315375 0.55634 0.03293 0.245203045951 0.529182142966
0.03293 0.00985740407868 0.55634 0.03293 0.245030818218 0.529381472305
0.03293 0.00985438421047 0.55634 0.03293 0.244859255108 0.529586765891
0.03293 0.0098511782287 0.55634 0.03293 0.244688378229 0.52979792
0.03293 0.00984778048497 0.55634 0.03293 0.244518208631 0.530014827865
0.03293 0.00984418499299 0.55634 0.03293 0.244348766796 0.530237379728
0.03293 0.009840385418 0.55634 0.03293 0.244180072613 0.530465462886
0.03293 0.0098363750656 0.55634 0.03293 0.244012145364 0.53069896174
0.03293 0.00983214687001 0.55634 0.03293 0.243845003702 0.530937757853
0.03293 0.00982769338155 0.55634 0.03293 0.243678665634 0.531181729998
0.03293 0.00982300675359 0.55634 0.03293 0.243513148496 0.531430754214
0.03293 0.00981807872864 0.55634 0.03293 0.243348468936 0.531684703868
0.03293 0.00981290062388 0.55634 0.03293 0.243184642888 0.531943449706
0.03293 0.00980746331582 0.55634 0.03293 0.243021685553 0.532206859918
0.03293 0.00980175722423 0.55634 0.03293 0.242859611372 0.5324748002
0.03293 0.00979577229526 0.55634 0.03293 0.242698434005 0.532747133813
0.03293 0.00978949798374 0.55634 0.03293 0.242538166301 0.53302372165
0.03293 0.00978292323458 0.55634 0.03293 0.242378820277 0.533304422303
0.03293 0.0097760364633 0.55634 0.03293 0.242220407088 0.533589092129
0.03293 0.00976882553563 0.55634 0.03293 0.242062936998 0.533877585321
0.03293 0.0097612777461 0.55634 0.03293 0.241906419356 0.534169753977
0.03293 0.00975337979571 0.55634 0.03293 0.24175086256 0.534465448175
0.03293 0.00974511776841 0.55634 0.03293 0.241596274031 0.534764516044
0.03293 0.00973647710668 0.55634 0.03293 0.241442660176 0.535066803842
0.03293 0.0097274425858 0.55634 0.03293 0.241290026361 0.53537215603
0.03293 0.00971799828706 0.55634 0.03293 0.241138376871 0.535680415357
0.03293 0.00970812756973 0.55634 0.03293 0.240987714876 0.535991422931
0.03293 0.00969781304169 0.55634 0.03293 0.240838042398 0.536305018308
0.03293 0.00968703652883 0.55634 0.03293 0.240689360266 0.536621039575
0.03293 0.009675779043 0.55634 0.03293 0.240541668082 0.536939323431
0.03293 0.00966402074857 0.55634 0.03293 0.240394964177 0.537259705273
0.03293 0.00965174092747 0.55634 0.03293 0.240249245571 0.537582019292
0.03293 0.0096389179427 0.55634 0.03293 0.240104507925 0.537906098552
0.03293 0.00962552920018 0.55634 0.03293 0.239960745501 0.538231775089
0.03293 0.00961155110895 0.55634 0.03293 0.239817951109 0.53855888
0.03293 0.00959695903964 0.55634 0.03293 0.239676116061 0.538887243537
0.03293 0.00958172728101 0.55634 0.03293 0.239535230119 0.539216695205
0.03293 0.00956582899469 0.55634 0.03293 0.239395281444 0.539547063859
0.03293 0.00954923616788 0.55634 0.03293 0.239256256538 0.539878177799
0.03293 0.00953191956399 0.55634 0.03293 0.239118140189 0.540209864877
0.03293 0.00951384867113 0.55634 0.03293 0.238980915413 0.540541952594
0.03293 0.00949499164835 0.55634 0.03293 0.238844563391 0.540874268205
0.03293 0.00947531526951 0.55634 0.03293 0.238709063405 0.541206638824
0.03293 0.00945478486479 0.55634 0.03293 0.238574392773 0.541538891531
0.03293 0.00943336425954 0.55634 0.03293 0.23844052678 0.541870853483
0.03293 0.00941101571061 0.55634 0.03293 0.238307438607 0.542202352017
0.03293 0.00938769983977 0.55634 0.03293 0.238175099258 0.542533214768
0.03293 0.00936337556438 0.55634 0.03293 0.238043477479 0.542863269778
0.03293 0.009338000025 0.55634 0.03293 0.237912539683 0.543192345613
0.03293 0.00931152850984 0.55634 0.03293 0.237782249865 0.543520271477
0.03293 0.00928391437602 0.55634 0.03293 0.237652569514 0.543846877331
0.03293 0.00925510896733 0.55634 0.03293 0.237523457525 0.544171994012
0.03293 0.00922506152858 0.55634 0.03293 0.237394870106 0.544495453352
0.03293 0.00919371911607 0.55634 0.03293 0.237266760682 0.544817088303
0.03293 0.00916102650441 0.55634 0.03293 0.23713907979 0.545136733058
0.03293 0.00912692608912 0.55634 0.03293 0.237011774977 0.54545422318
0.03293 0.00909135778518 0.55634 0.03293 0.236884790694 0.545769395726
0.03293 0.00905425892118 0.55634 0.03293 0.236758068175 0.546082089374
0.03293 0.00901556412883 0.55634 0.03293 0.236631545327 0.546392144559
0.03293 0.00897520522785 0.55634 0.03293 0.236505156602 0.546699403598
0.03293 0.00893311110579 0.55634 0.03293 0.236378832871 0.547003710828
0.03293 0.00888920759274 0.55634 0.03293 0.236252501291 0.547304912739
0.03293 0.00884341733067 0.55634 0.03293 0.236126085167 0.547602858109
0.03293 0.0087956596371 0.55634 0.03293 0.235999503809 0.547897398143
0.03293 0.00874585036294 0.55634 0.03293 0.235872672381 0.548188386613
0.03293 0.00869390174424 0.55634 0.03293 0.235745501744 0.54847568
0.03293 0.00863972224753 0.55634 0.03293 0.235617898298 0.548759137632
0.03293 0.00858321640855 0.55634 0.03293 0.235489763809 0.549038621833
0.03293 0.00852428466405 0.55634 0.03293 0.235360995234 0.549313998065
0.03293 0.00846282317633 0.55634 0.03293 0.235231484541 0.549585135079
0.03293 0.00839872365032 0.55634 0.03293 0.235101118514 0.54985190506
0.03293 0.00833187314275 0.55634 0.03293 0.234969778559 0.55011418378
0.03293 0.00826215386315 0.55634 0.03293 0.234837340494 0.550371850748
0.03293 0.00818944296628 0.55634 0.03293 0.234703674336 0.550624789364
0.03293 0.00811361233572 0.55634 0.03293 0.234568644076 0.550872887075
0.03293 0.00803452835809 0.55634 0.03293 0.234432107446 0.55111603553
0.03293 0.00795205168767 0.55634 0.03293 0.234293915677 0.55135413074
0.03293 0.00786603700083 0.55634 0.03293 0.234153913243 0.551587073234
0.03293 0.00777633274002 0.55634 0.03293 0.234011937602 0.551814768227
0.03293 0.00768278084668 0.55634 0.03293 0.233867818916 0.552037125774
0.03293 0.00758521648278 0.55634 0.03293 0.233721379771 0.552254060941
0.03293 0.00748346774036 0.55634 0.03293 0.233572434872 0.552465493968
0.03293 0.00737735533865 0.55634 0.03293 0.23342079074 0.552671350439
0.03293 0.00726669230815 0.55634 0.03293 0.233266245382 0.552871561446
0.03293 0.00715128366124 0.55634 0.03293 0.23310858796 0.553066063766
0.03293 0.00703092604857 0.55634 0.03293 0.232947598433 0.553254800026
0.03293 0.00690540740078 0.55634 0.03293 0.232783047198 0.553437718885
0.03293 0.00677450655486 0.55634 0.03293 0.232614694705 0.553614775202
0.03293 0.00663799286444 0.55634 0.03293 0.23244229106 0.553785930215
0.03293 0.00649562579339 0.55634 0.03293 0.232265575611 0.553951151721
0.03293 0.00634715449205 0.55634 0.03293 0.23208427652 0.554110414255
0.03293 0.00619231735516 0.55634 0.03293 0.231898110308 0.554263699271
0.03293 0.006030841561 0.55634 0.03293 0.231706781389 0.554410995325
0.03293 0.00586244259063 0.55634 0.03293 0.231509981585 0.554552298259
0.03293 0.00568682372661 0.55634 0.03293 0.231307389612 0.554687611391
0.03293 0.00550367553017 0.55634 0.03293 0.23109867055 0.554816945695
0.03293 0.00531267529597 0.55634 0.03293 0.230883475296 0.55494032
0.03293 0.00511348648353 0.55634 0.03293 0.230661439981 0.555057761172
0.03293 0.00490575812422 0.55634 0.03293 0.230432185373 0.555169304311
0.03293 0.00468912420283 0.55634 0.03293 0.23019531625 0.555274992945
0.03293 0.0044632030127 0.55634 0.03293 0.229950420749 0.555374879224
0.03293 0.00422759648313 0.55634 0.03293 0.229697069684 0.555469024117
0.03293 0.00398188947817 0.55634 0.03293 0.229434815839 0.555557497612
0.03293 0.00372564906534 0.55634 0.03293 0.229163193225 0.555640378914
0.03293 0.00345842375329 0.55634 0.03293 0.228881716317 0.55571775665
0.03293 0.00317974269664 0.55634 0.03293 0.228589879247 0.555789729069
0.03293 0.00288911486666 0.55634 0.03293 0.228287154966 0.555856404247
0.03293 0.00258602818525 0.55634 0.03293 0.227972994373 0.555917900297
0.03293 0.00226994861983 0.55634 0.03293 0.227646825402 0.555974345573
0.03293 0.00194031923606 0.55634 0.03293 0.227308052066 0.556025878881
0.03293 0.00159655920618 0.55634 0.03293 0.226956053459 0.556072649691
0.03293 0.00123806277343 0.55634 0.03293 0.226590182713 0.556114818346
0.03293 0.000864198178973 0.55634 0.03293 0.226209765916 0.556152556282
0.03293 0.000474306567801 0.55634 0.03293 0.225814101009 0.556186046238
0.03293 6.77009017628e-05 0.55634 0.03293 0.225402456698 0.556215482478
0.03293 -0.000356335086554 0.55634 0.03293 0.224974071393 0.556241071005
0.03293 -0.000798547883638 0.55634 0.03293 0.224528152213 0.556263029787
0.03293 -0.00125971518444 0.55634 0.03293 0.224063873993 0.556281588975
0.03293 -0.0017406470961 0.55634 0.03293 0.223580378065 0.556296991125
0.03293 -0.00224218803424 0.55634 0.03293 0.223076770362 0.55630949143
0.03293 -0.00276522010638 0.55634 0.03293 0.222552118021 0.556319357938
0.03293 -0.00331066894085 0.55634 0.03293 0.222005443552 0.556326871788
0.03293 -0.00387951247141 0.55634 0.03293 0.22143571604 0.556332327435
0.03293 -0.00447279136129 0.55634 0.03293 0.220841840719 0.55633603288
0.03293 -0.00509161562302 0.55634 0.03293 0.22022265234 0.55633830991
0.03293 -0.00573715506924 0.55634 0.03293 0.219576924714 0.556339494323
0.03293 -0.00641059278929 0.55634 0.03293 0.218903417232 0.556339936173
0.03293 -0.00711301614808 0.55634 0.03293 0.218200983852 0.55634
0.03293 -0.00784523079911 0.55634 0.03293 0.217468769201 0.55634
0.03293 -0.00860753000397 0.55634 0.03293 0.216706469996 0.55634
0.03293 -0.00939955881592 0.55634 0.03293 0.215914441184 0.55634
0.03293 -0.0102204497876 0.55634 0.03293 0.215093550212 0.55634
0.03293 -0.0110690535428 0.55634 0.03293 0.214244946457 0.55634
0.03293 -0.0119441246537 0.55634 0.03293 0.213369875346 0.55634
0.03293 -0.012844430533 0.55634 0.03293 0.212469569467 0.55634
0.03293 -0.0137687978459 0.55634 0.03293 0.211545202154 0.55634
0.03293 -0.014716121948 0.55634 0.03293 0.210597878052 0.55634
0.03293 -0.0156853601531 0.55634 0.03293 0.209628639847 0.55634
0.03293 -0.0166755211944 0.55634 0.03293 0.208638478806 0.55634
0.03293 -0.0176856563248 0.55634 0.03293 0.207628343675 0.55634
0.03293 -0.0187148533702 0.55634 0.03293 0.20659914663 0.55634
0.03293 -0.019762233227 0.55634 0.03293 0.205551766773 0.55634
0.03293 -0.0208269478439 0.55634 0.03293 0.204487052156 0.55634
0.03293 -0.0219081788944 0.55634 0.03293 0.203405821106 0.55634
0.03293 -0.023005136661 0.55634 0.03293 0.202308863339 0.55634
0.03293 -0.0241170589155 0.55634 0.03293 0.201196941084 0.55634
0.03293 -0.0252432097409 0.55634 0.03293 0.200070790259 0.55634
0.03293 -0.0263828783084 0.55634 0.03293 0.198931121692 0.55634
0.03293 -0.0275353776438 0.55634 0.03293 0.197778622356 0.55634
0.03293 -0.0287000434118 0.55634 0.03293 0.196613956588 0.55634
0.03293 -0.0298762327327 0.55634 0.03293 0.195437767267 0.55634
0.03293 -0.03106332304 0.55634 0.03293 0.19425067696 0.55634
0.03293 -0.0322607109763 0.55634 0.03293 0.193053289024 0.55634
0.03293 -0.0334678113282 0.55634 0.03293 0.191846188672 0.55634
0.03293 -0.0346840559936 0.55634 0.03293 0.190629944006 0.55634
0.03293 -0.0359088929814 0.55634 0.03293 0.189405107019 0.55634
0.03293 -0.0371417854395 0.55634 0.03293 0.188172214561 0.55634
0.03293 -0.0383822107085 0.55634 0.03293 0.186931789291 0.55634
0.03293 -0.0396296594021 0.55634 0.03293 0.185684340598 0.55634
0.03293 -0.0408836345086 0.55634 0.03293 0.184430365491 0.55634
0.03293 -0.0421436505163 0.55634 0.03293 0.183170349484 0.55634
0.03293 -0.043409232557 0.55634 0.03293 0.181904767443 0.55634
0.03293 -0.0446799155699 0.55634 0.03293 0.18063408443 0.55634
0.03293 -0.0459552434822 0.55634 0.03293 0.179358756518 0.55634
0.03293 -0.0472347684051 0.55634 0.03293 0.178079231595 0.55634
0.03293 -0.0485180498449 0.55634 0.03293 0.176795950155 0.55634
0.03293 -0.0498046539267 0.55634 0.03293 0.175509346073 0.55634
0.03293 -0.0510941526302 0.55634 0.03293 0.17421984737 0.55634
0.03293 -0.0523861230354 0.55634 0.03293 0.172927876965 0.55634
0.03293 -0.053680146577 0.55634 0.03293 0.171633853423 0.55634
0.03293 -0.0549758083077 0.55634 0.03293 0.170338191692 0.55634
0.03293 -0.0562726961665 0.55634 0.03293 0.169041303833 0.55634
0.03293 -0.0575704002528 0.55634 0.03293 0.167743599747 0.55634
0.03293 -0.0588685121041 0.55634 0.03293 0.166445487896 0.55634
0.03293 -0.0601666239765 0.55634 0.03293 0.165147376024 0.55634
0.03293 -0.061464328126 0.55634 0.03293 0.163849671874 0.55634
0.03293 -0.0627612160905 0.55634 0.03293 0.162552783909 0.55634
0.03293 -0.0640568779694 0.55634 0.03293 0.161257122031 0.55634
0.03293 -0.0653509017021 0.55634 0.03293 0.159963098298 0.55634
0.03293 -0.0666428723414 0.55634 0.03293 0.158671127659 0.55634
0.03293 -0.0679323713226 0.55634 0.03293 0.157381628677 0.55634
0.03293 -0.0692189757262 0.55634 0.03293 0.156095024274 0.55634
0.03293 -0.0705022575323 0.55634 0.03293 0.154811742468 0.55634
0.03293 -0.0717817828668 0.55634 0.03293 0.153532217133 0.55634
0.03293 -0.0730571112366 0.55634 0.03293 0.152256888763 0.55634
0.03293 -0.074327794754 0.55634 0.03293 0.150986205246 0.55634
0.03293 -0.0755933773467 0.55634 0.03293 0.149720622653 0.55634
0.03293 -0.076853393955 0.55634 0.03293 0.148460606045 0.55634
0.03293 -0.078107369712 0.55634 0.03293 0.147206630288 0.55634
0.03293 -0.0793548191069 0.55634 0.03293 0.145959180893 0.55634
0.03293 -0.0805952451293 0.55634 0.03293 0.144718754871 0.55634
0.03293 -0.0818281383942 0.55634 0.03293 0.143485861606 0.55634
0.03293 -0.0830529762437 0.55634 0.03293 0.142261023756 0.55634
0.03293 -0.0842692218272 0.55634 0.03293 0.141044778173 0.55634
0.03293 -0.0854763231551 0.55634 0.03293 0.139837676845 0.55634
0.03293 -0.0866737121273 0.55634 0.03293 0.138640287873 0.55634
0.03293 -0.0878608035319 0.55634 0.03293 0.137453196468 0.55634
0.03293 -0.0890369940137 0.55634 0.03293 0.136277005986 0.55634
0.03293 -0.0902016610081 0.55634 0.03293 0.135112338992 0.55634
0.03293 -0.0913541616376 0.55634 0.03293 0.133959838362 0.55634
0.03293 -0.0924938315692 0.55634 0.03293 0.132820168431 0.55634
0.03293 -0.0936199838312 0.55634 0.03293 0.131694016169 0.55634
0.03293 -0.0947319075972 0.55634 0.03293 0.130582092403 0.55634
0.03293 -0.0958288669529 0.55634 0.03293 0.129485133047 0.55634
0.03293 -0.096910099673 0.55634 0.03293 0.128403900327 0.55634
0.03293 -0.0979748160428 0.55634 0.03293 0.127339183957 0.55634
0.03293 -0.099022197739 0.55634 0.03293 0.126291802261 0.55634
0.03293 -0.100051396713 0.55634 0.03293 0.125262603287 0.55634
0.03293 -0.101061533866 0.55634 0.03293 0.124252466134 0.55634
0.03293 -0.102051697026 0.55634 0.03293 0.123262302974 0.55634
0.03293 -0.103020937451 0.55634 0.03293 0.122293062549 0.55634
0.03293 -0.103968263877 0.55634 0.03293 0.121345736123 0.55634
0.03293 -0.104892633622 0.55634 0.03293 0.120421366378 0.55634
0.03293 -0.105792942046 0.55634 0.03293 0.119521057954 0.55634
0.03293 -0.106668015819 0.55634 0.03293 0.118645984181 0.55634
0.03293 -0.107516622359 0.55634 0.03293 0.117797377641 0.55634
0.03293 -0.108337516242 0.55634 0.03293 0.116976483758 0.55634
0.03293 -0.109129548097 0.55634 0.03293 0.116184451903 0.55634
0.03293 -0.109891850482 0.55634 0.03293 0.115422149518 0.55634
0.03293 -0.110624068457 0.55634 0.03293 0.114689931543 0.55634
0.03293 -0.111326495288 0.55634 0.03293 0.113987504712 0.55634
0.03293 -0.111999936636 0.55634 0.03293 0.113314063364 0.55634
0.03293 -0.112645479871 0.55634 0.03293 0.112668520129 0.55634
0.03293 -0.11326430809 0.55634 0.03293 0.11204969191 0.55634
0.03293 -0.113857591112 0.55634 0.03293 0.111456408888 0.55634
0.03293 -0.114426438957 0.55634 0.03293 0.110887561043 0.55634
0.03293 -0.114971892296 0.55634 0.03293 0.110342107704 0.55634
0.03293 -0.115494929071 0.55634 0.03293 0.109819070929 0.55634
0.03293 -0.115996474918 0.55634 0.03293 0.109317525082 0.55634
0.03293 -0.116477411953 0.55634 0.03293 0.108836588047 0.55634
0.03293 -0.116938584602 0.55634 0.03293 0.108375415398 0.55634
0.03293 -0.11738080298 0.55634 0.03293 0.10793319702 0.55634
0.03293 -0.117804844793 0.55634 0.03293 0.107509155207 0.55634
0.03293 -0.118211456537 0.55634 0.03293 0.107102543463 0.55634
0.03293 -0.11860135449 0.55634 0.03293 0.10671264551 0.55634
0.03293 -0.118975225702 0.55634 0.03293 0.106338774298 0.55634
0.03293 -0.11933372904 0.55634 0.03293 0.10598027096 0.55634
0.03293 -0.119677496274 0.55634 0.03293 0.105636503726 0.55634
0.03293 -0.120007133173 0.55634 0.03293 0.105306866827 0.55634
0.03293 -0.12032322058 0.55634 0.03293 0.10499077942 0.55634
0.03293 -0.120626315442 0.55634 0.03293 0.104687684558 0.55634
0.03293 -0.120916951806 0.55634 0.03293 0.104397048194 0.55634
0.03293 -0.121195641765 0.55634 0.03293 0.104118358235 0.55634
0.03293 -0.121462876364 0.55634 0.03293 0.103851123636 0.55634
0.03293 -0.121719126464 0.55634 0.03293 0.103594873536 0.55634
0.03293 -0.121964843574 0.55634 0.03293 0.103349156426 0.55634
0.03293 -0.122200460644 0.55634 0.03293 0.103113539356 0.55634
0.03293 -0.122426392829 0.55634 0.03293 0.102887607171 0.55634
0.03293 -0.122643038219 0.55634 0.03293 0.102670961781 0.55634
0.03293 -0.12285077854 0.55634 0.03293 0.10246322146 0.55634
0.03293 -0.123049979829 0.55634 0.03293 0.102264020171 0.55634
0.03293 -0.123240993077 0.55634 0.03293 0.102073006923 0.55634
0.03293 -0.123424154847 0.55634 0.03293 0.101889845153 0.55634
0.03293 -0.123599787868 0.55634 0.03293 0.101714212132 0.55634
0.03293 -0.123768201605 0.55634 0.03293 0.101545798395 0.55634
0.03293 -0.123929692799 0.55634 0.03293 0.101384307201 0.55634
0.03293 -0.124084545998 0.55634 0.03293 0.101229454002 0.55634
0.03293 -0.124233034052 0.55634 0.03293 0.101080965948 0.55634
0.03293 -0.124375418596 0.55634 0.03293 0.100938581404 0.55634
0.03293 -0.124511950509 0.55634 0.03293 0.100802049491 0.55634
0.03293 -0.12464287036 0.55634 0.03293 0.10067112964 0.55634
0.03293 -0.12476840883 0.55634 0.03293 0.10054559117 0.55634
0.03293 -0.124888787115 0.55634 0.03293 0.100425212885 0.55634
0.03293 -0.125004217322 0.55634 0.03293 0.100309782678 0.55634
0.03293 -0.125114902839 0.55634 0.03293 0.100199097161 0.55634
0.03293 -0.125221038692 0.55634 0.03293 0.100092961308 0.55634
0.03293 -0.125322811892 0.55634 0.03293 0.0999911881083 0.55634
0.03293 -0.125420401763 0.55634 0.03293 0.0998935982371 0.55634
0.03293 -0.125513980258 0.55634 0.03293 0.0998000197417 0.55634
0.03293 -0.125603712263 0.55634 0.03293 0.0997102877374 0.55634
0.03293 -0.125689755883 0.55634 0.03293 0.0996242441165 0.55634
0.03293 -0.125772262729 0.55634 0.03293 0.0995417372706 0.55634
0.03293 -0.125851378177 0.55634 0.03293 0.0994626218228 0.55634
0.03293 -0.125927241628 0.55634 0.03293 0.0993867583719 0.55634
0.03293 -0.125999986753 0.55634 0.03293 0.0993140132466 0.55634
0.03293 -0.12606974173 0.55634 0.03293 0.0992442582702 0.55634
0.03293 -0.126136629465 0.55634 0.03293 0.0991773705346 0.55634
0.03293 -0.126200767816 0.55634 0.03293 0.0991132321835 0.55634
0.03293 -0.126262269795 0.55634 0.03293 0.0990517302054 0.55634
0.03293 -0.126321243766 0.55634 0.03293 0.0989927562337 0.55634
0.03293 -0.126377793644 0.55634 0.03293 0.0989362063562 0.55634
0.03293 -0.126432019068 0.55634 0.03293 0.0988819809322 0.55634
0.03293 -0.126484015584 0.55634 0.03293 0.0988299844164 0.55634
0.03293 -0.126533874809 0.55634 0.03293 0.0987801251907 0.55634
0.03293 -0.126581684597 0.55634 0.03293 0.0987323154034 0.55634
0.03293 -0.126627529187 0.55634 0.03293 0.0986864708133 0.55634
0.03293 -0.126671489358 0.55634 0.03293 0.0986425106423 0.55634
0.03293 -0.126713642568 0.55634 0.03293 0.0986003574324 0.55634
0.03293 -0.126754063091 0.55634 0.03293 0.0985599369095 0.55634
0.03293 -0.126792822147 0.55634 0.03293 0.0985211778526 0.55634
0.03293 -0.126829988032 0.55634 0.03293 0.098484011968 0.55634
0.03293 -0.126865626231 0.55634 0.03293 0.0984483737694 0.55634
0.03293 -0.126899799538 0.55634 0.03293 0.0984142004621 0.55634
0.03293 -0.126932568168 0.55634 0.03293 0.0983814318325 0.55634
0.03293 -0.126963989858 0.55634 0.03293 0.0983500101421 0.55634
0.03293 -0.126994119974 0.55634 0.03293 0.0983198800259 0.55634
0.03293 -0.127023011606 0.55634 0.03293 0.0982909883943 0.55634
0.03293 -0.12705071566 0.55634 0.03293 0.0982632843401 0.55634
0.03293 -0.127077280951 0.55634 0.03293 0.0982367190486 0.55634
0.03293 -0.127102754288 0.55634 0.03293 0.0982112457116 0.55634
0.03293 -0.127127180555 0.55634 0.03293 0.0981868194449 0.55634
0.03293 -0.127150602791 0.55634 0.03293 0.0981633972092 0.55634
0.03293 -0.127173062266 0.55634 0.03293 0.0981409377344 0.55634
0.03293 -0.127194598553 0.55634 0.03293 0.0981194014467 0.55634
0.03293 -0.127215249601 0.55634 0.03293 0.0980987503989 0.55634
0.03293 -0.127235051796 0.55634 0.03293 0.0980789482037 0.55634
0.03293 -0.12725404003 0.55634 0.03293 0.0980599599695 0.55634
0.03293 -0.127272247761 0.55634 0.03293 0.0980417522389 0.55634
0.03293 -0.12728970707 0.55634 0.03293 0.0980242929296 0.55634
0.03293 -0.127306448722 0.55634 0.03293 0.0980075512781 0.55634
0.03293 -0.127322502215 0.55634 0.03293 0.0979914977855 0.55634
0.03293 -0.127337895835 0.55634 0.03293 0.0979761041654 0.55634
0.03293 -0.127352656706 0.55634 0.03293 0.0979613432939 0.55634
0.03293 -0.127366810838 0.55634 0.03293 0.0979471891624 0.55634
0.03293 -0.127380383169 0.55634 0.03293 0.097933616831 0.55634
0.03293 -0.127393397615 0.55634 0.03293 0.0979206023852 0.55634
0.03293 -0.127405877107 0.55634 0.03293 0.0979081228932 0.55634
0.03293 -0.127417843634 0.55634 0.03293 0.0978961563661 0.55634
0.03293 -0.127429318281 0.55634 0.03293 0.0978846817187 0.55634
0.03293 -0.127440321267 0.55634 0.03293 0.0978736787325 0.55634
0.03293 -0.12745087198 0.55634 0.03293 0.0978631280201 0.55634
0.03293 -0.127460989009 0.55634 0.03293 0.097853010991 0.55634
0.03293 -0.127470690181 0.55634 0.03293 0.0978433098188 0.55634
0.03293 -0.12747999259 0.55634 0.03293 0.09783400741 0.55634
0.03293 -0.127488912627 0.55634 0.03293 0.0978250873734 0.55634
0.03293 -0.127497466008 0.55634 0.03293 0.0978165339919 0.55634
0.03293 -0.127505667806 0.55634 0.03293 0.0978083321943 0.55634
0.03293 -0.127513532471 0.55634 0.03293 0.0978004675289 0.55634
0.03293 -0.127521073862 0.55634 0.03293 0.097792926138 0.55634
0.03293 -0.127528305267 0.55634 0.03293 0.0977856947335 0.55634
0.03293 -0.127535239426 0.55634 0.03293 0.0977787605736 0.55634
0.03293 -0.12754188856 0.55634 0.03293 0.0977721114401 0.55634
0.03293 -0.127548264383 0.55634 0.03293 0.0977657356172 0.55634
0.03293 -0.127554378129 0.55634 0.03293 0.0977596218706 0.55634
0.03293 -0.127560240572 0.55634 0.03293 0.0977537594277 0.55634
0.03293 -0.127565862041 0.55634 0.03293 0.0977481379587 0.55634
0.03293 -0.127571252441 0.55634 0.03293 0.0977427475585 0.55634
0.03293 -0.127576421271 0.55634 0.03293 0.0977375787292 0.55634
0.03293 -0.127581377637 0.55634 0.03293 0.0977326223632 0.55634
0.03293 -0.127586130273 0.55634 0.03293 0.0977278697271 0.55634
0.03293 -0.127590687553 0.55634 0.03293 0.0977233124469 0.55634
0.03293 -0.127595057508 0.55634 0.03293 0.0977189424924 0.55634
0.03293 -0.127599247836 0.55634 0.03293 0.0977147521637 0.55634
0.03293 -0.127603265923 0.55634 0.03293 0.0977107340773 0.55634
0.03293 -0.127607118847 0.55634 0.03293 0.0977068811533 0.55634
0.03293 -0.127610813397 0.55634 0.03293 0.0977031866028 0.55634
0.03293 -0.127614356084 0.55634 0.03293 0.0976996439158 0.55634
0.03293 -0.12761775315 0.55634 0.03293 0.0976962468501 0.55634
0.03293 -0.12762101058 0.55634 0.03293 0.09769298942 0.55634
0.03293 -0.127624134114 0.55634 0.03293 0.0976898658857 0.55634
0.03293 -0.127627129256 0.55634 0.03293 0.0976868707436 0.55634
0.03293 -0.127630001284 0.55634 0.03293 0.0976839987161 0.55634
0.03293 -0.127632755257 0.55634 0.03293 0.0976812447426 0.55634
0.03293 -0.127635396029 0.55634 0.03293 0.0976786039706 0.55634
0.03293 -0.127637928253 0.55634 0.03293 0.0976760717469 0.55634
0.03293 -0.12764035639 0.55634 0.03293 0.0976736436097 0.55634
0.03293 -0.127642684719 0.55634 0.03293 0.0976713152806 0.55634
0.03293 -0.127644917343 0.55634 0.03293 0.097669082657 0.55634
0.03293 -0.127647058195 0.55634 0.03293 0.0976669418049 0.55634
0.03293 -0.127649111048 0.55634 0.03293 0.0976648889521 0.55634
0.03293 -0.127651079519 0.55634 0.03293 0.0976629204814 0.55634
0.03293 -0.127652967076 0.55634 0.03293 0.0976610329243 0.55634
0.03293 -0.127654777045 0.55634 0.03293 0.0976592229549 0.55634
0.03293 -0.127656512616 0.55634 0.03293 0.097657487384 0.55634
0.03293 -0.127658176847 0.55634 0.03293 0.0976558231534 0.55634
0.03293 -0.127659772669 0.55634 0.03293 0.0976542273306 0.55634
0.03293 -0.127661302896 0.55634 0.03293 0.097652697104 0.55634
0.03293 -0.127662770223 0.55634 0.03293 0.097651229777 0.55634
0.03293 -0.127664177236 0.55634 0.03293 0.0976498227642 0.55634
0.03293 -0.127665526413 0.55634 0.03293 0.0976484735865 0.55634
0.03293 -0.127666820133 0.55634 0.03293 0.0976471798665 0.55634
0.03293 -0.127668060675 0.55634 0.03293 0.0976459393247 0.55634
0.03293 -0.127669250225 0.55634 0.03293 0.0976447497752 0.55634
0.03293 -0.127670390878 0.55634 0.03293 0.0976436091219 0.55634
0.03293 -0.127671484645 0.55634 0.03293 0.0976425153551 0.55634
0.03293 -0.127672533453 0.55634 0.03293 0.0976414665473 0.55634
0.03293 -0.127673539149 0.55634 0.03293 0.0976404608507 0.55634
0.03293 -0.127674503507 0.55634 0.03293 0.0976394964931 0.55634
0.03293 -0.127675428225 0.55634 0.03293 0.0976385717753 0.55634
0.03293 -0.127676314932 0.55634 0.03293 0.0976376850679 0.55634
0.03293 -0.127677165191 0.55634 0.03293 0.0976368348086 0.55634
0.03293 -0.127677980501 0.55634 0.03293 0.097636019499 0.55634
0.03293 -0.127678762297 0.55634 0.03293 0.0976352377027 0.55634
0.03293 -0.127679511958 0.55634 0.03293 0.097634488042 0.55634
0.03293 -0.127680230804 0.55634 0.03293 0.097633769196 0.55634
0.03293 -0.127680920102 0.55634 0.03293 0.0976330798981 0.55634
0.03293 -0.127681581066 0.55634 0.03293 0.0976324189338 0.55634
0.03293 -0.127682214862 0.55634 0.03293 0.0976317851383 0.55634
0.03293 -0.127682822605 0.55634 0.03293 0.097631177395 0.55634
0.03293 -0.127683405367 0.55634 0.03293 0.0976305946329 0.55634
0.03293 -0.127683964175 0.55634 0.03293 0.0976300358252 0.55634
0.03293 -0.127684500013 0.55634 0.03293 0.0976294999872 0.55634
0.03293 -0.127685013825 0.55634 0.03293 0.0976289861748 0.55634
0.03293 -0.127685506517 0.55634 0.03293 0.0976284934827 0.55634
0.03293 -0.127685978957 0.55634 0.03293 0.0976280210426 0.55634
0.03293 -0.127686431978 0.55634 0.03293 0.0976275680222 0.55634
0.03293 -0.127686866377 0.55634 0.03293 0.0976271336231 0.55634
0.03293 -0.12768728292 0.55634 0.03293 0.09762671708 0.55634
0.03293 -0.127687682341 0.55634 0.03293 0.0976263176589 0.55634
0.03293 -0.127688065344 0.55634 0.03293 0.0976259346559 0.55634
0.03293 -0.127688432604 0.55634 0.03293 0.0976255673963 0.55634
0.03293 -0.127688784767 0.55634 0.03293 0.0976252152329 0.55634
0.03293 -0.127689122455 0.55634 0.03293 0.0976248775451 0.55634
0.03293 -0.127689446262 0.55634 0.03293 0.097624553738 0.55634
0.03293 -0.127689756759 0.55634 0.03293 0.097624243241 0.55634
0.03293 -0.127690054493 0.55634 0.03293 0.097623945507 0.55634
0.03293 -0.127690339989 0.55634 0.03293 0.0976236600113 0.55634
0.03293 -0.127690613749 0.55634 0.03293 0.0976233862509 0.55634
0.03293 -0.127690876257 0.55634 0.03293 0.0976231237435 0.55634
0.03293 -0.127691127974 0.55634 0.03293 0.0976228720264 0.55634
0.03293 -0.127691369344 0.55634 0.03293 0.0976226306561 0.55634
0.03293 -0.127691600793 0.55634 0.03293 0.0976223992074 0.55634
0.03293 -0.127691822728 0.55634 0.03293 0.0976221772723 0.55634
0.03293 -0.12769203554 0.55634 0.03293 0.0976219644599 0.55634
0.03293 -0.127692239605 0.55634 0.03293 0.0976217603952 0.55634
0.03293 -0.127692435281 0.55634 0.03293 0.0976215647186 0.55634
0.03293 -0.127692622915 0.55634 0.03293 0.0976213770852 0.55634
0.03293 -0.127692802835 0.55634 0.03293 0.0976211971645 0.55634
0.03293 -0.12769297536 0.55634 0.03293 0.0976210246395 0.55634
0.03293 -0.127693140794 0.55634 0.03293 0.0976208592061 0.55634
0.03293 -0.127693299427 0.55634 0.03293 0.0976207005729 0.55634
0.03293 -0.12769345154 0.55634 0.03293 0.0976205484603 0.55634
0.03293 -0.1276935974 0.55634 0.03293 0.0976204026003 0.55634
0.03293 -0.127693737264 0.55634 0.03293 0.0976202627359 0.55634
0.03293 -0.127693871379 0.55634 0.03293 0.0976201286206 0.55634
0.03293 -0.127693999982 0.55634 0.03293 0.0976200000181 0.55634
0.03293 -0.127694123298 0.55634 0.03293 0.0976198767018 0.55634
0.03293 -0.127694241545 0.55634 0.03293 0.0976197584545 0.55634
0.03293 -0.127694354932 0.55634 0.03293 0.0976196450677 0.55634
0.03293 -0.127694463658 0.55634 0.03293 0.0976195363418 0.55634
0.03293 -0.127694567915 0.55634 0.03293 0.0976194320849 0.55634
0.03293 -0.127694667886 0.55634 0.03293 0.0976193321136 0.55634
0.03293 -0.127694763748 0.55634 0.03293 0.0976192362516 0.55634
0.03293 -0.12769485567 0.55634 0.03293 0.0976191443301 0.55634
0.03293 -0.127694943813 0.55634 0.03293 0.097619056187 0.55634
0.03293 -0.127695028333 0.55634 0.03293 0.097618971667 0.55634
0.03293 -0.127695109379 0.55634 0.03293 0.0976188906212 0.55634
0.03293 -0.127695187093 0.55634 0.03293 0.0976188129068 0.55634
0.03293 -0.127695261613 0.55634 0.03293 0.0976187383869 0.55634
0.03293 -0.12769533307 0.55634 0.03293 0.0976186669301 0.55634
0.03293 -0.127695401589 0.55634 0.03293 0.0976185984105 0.55634
0.03293 -0.127695467293 0.55634 0.03293 0.0976185327075 0.55634
0.03293 -0.127695530295 0.55634 0.03293 0.0976184697052 0.55634
0.03293 -0.127695590707 0.55634 0.03293 0.0976184092926 0.55634
0.03293 -0.127695648637 0.55634 0.03293 0.0976183513633 0.55634
0.03293 -0.127695704185 0.55634 0.03293 0.0976182958152 0.55634
0.03293 -0.12769575745 0.55634 0.03293 0.0976182425504 0.55634
0.03293 -0.127695808525 0.55634 0.03293 0.097618191475 0.55634
0.03293 -0.127695857501 0.55634 0.03293 0.0976181424991 0.55634
0.03293 -0.127695904464 0.55634 0.03293 0.0976180955364 0.55634
0.03293 -0.127695949496 0.55634 0.03293 0.0976180505041 0.55634
0.03293 -0.127695992677 0.55634 0.03293 0.0976180073228 0.55634
0.03293 -0.127696034083 0.55634 0.03293 0.0976179659165 0.55634
0.03293 -0.127696073788 0.55634 0.03293 0.0976179262123 0.55634
0.03293 -0.12769611186 0.55634 0.03293 0.09761788814 0.55634
0.03293 -0.127696148367 0.55634 0.03293 0.0976178516328 0.55634
0.03293 -0.127696183374 0.55634 0.03293 0.0976178166262 0.55634
0.03293 -0.127696216941 0.55634 0.03293 0.0976177830585 0.55634
0.03293 -0.127696249129 0.55634 0.03293 0.0976177508707 0.55634
0.03293 -0.127696279994 0.55634 0.03293 0.0976177200059 0.55634
0.03293 -0.12769630959 0.55634 0.03293 0.0976176904098 0.55634
0.03293 -0.12769633797 0.55634 0.03293 0.0976176620303 0.55634
0.03293 -0.127696365183 0.55634 0.03293 0.0976176348173 0.55634
0.03293 -0.127696391277 0.55634 0.03293 0.097617608723 0.55634
0.03293 -0.127696416299 0.55634 0.03293 0.0976175837012 0.55634
0.03293 -0.127696440292 0.55634 0.03293 0.097617559708 0.55634
0.03293 -0.127696463299 0.55634 0.03293 0.097617536701 0.55634
0.03293 -0.12769648536 0.55634 0.03293 0.0976175146397 0.55634
0.03293 -0.127696506515 0.55634 0.03293 0.0976174934853 0.55634
0.03293 -0.1276965268 0.55634 0.03293 0.0976174732004 0.55634
0.03293 -0.127696546251 0.55634 0.03293 0.0976174537493 0.55634
0.03293 -0.127696564902 0.55634 0.03293 0.0976174350978 0.55634
0.03293 -0.127696582787 0.55634 0.03293 0.097617417213 0.55634
0.03293 -0.127696599937 0.55634 0.03293 0.0976174000633 0.55634
0.03293 -0.127696616381 0.55634 0.03293 0.0976173836185 0.55634
0.03293 -0.12769663215 0.55634 0.03293 0.0976173678497 0.55634
0.03293 -0.127696647271 0.55634 0.03293 0.0976173527291 0.55634
0.03293 -0.12769666177 0.55634 0.03293 0.0976173382301 0.55634
0.03293 -0.127696675673 0.55634 0.03293 0.097617324327 0.55634
0.03293 -0.127696689005 0.55634 0.03293 0.0976173109954 0.55634
0.03293 -0.127696701788 0.55634 0.03293 0.0976172982118 0.55634
0.03293 -0.127696714046 0.55634 0.03293 0.0976172859537 0.55634
0.03293 -0.127696725801 0.55634 0.03293 0.0976172741995 0.55634
0.03293 -0.127696737072 0.55634 0.03293 0.0976172629284 0.55634
0.03293 -0.127696747879 0.55634 0.03293 0.0976172521206 0.55634
0.03293 -0.127696758243 0.55634 0.03293 0.0976172417571 0.55634
0.03293 -0.12769676818 0.55634 0.03293 0.0976172318196 0.55634
0.03293 -0.127696777709 0.55634 0.03293 0.0976172222905 0.55634
0.03293 -0.127696786847 0.55634 0.03293 0.0976172131532 0.55634
0.03293 -0.127696795609 0.55634 0.03293 0.0976172043914 0.55634
0.03293 -0.12769680401 0.55634 0.03293 0.0976171959898 0.55634
0.03293 -0.127696812066 0.55634 0.03293 0.0976171879336 0.55634
0.03293 -0.127696819792 0.55634 0.03293 0.0976171802085 0.55634
0.03293 -0.127696827199 0.55634 0.03293 0.0976171728009 0.55634
0.03293 -0.127696834302 0.55634 0.03293 0.0976171656979 0.55634
0.03293 -0.127696841113 0.55634 0.03293 0.0976171588868 0.55634
0.03293 -0.127696847644 0.55634 0.03293 0.0976171523557 0.55634
0.03293 -0.127696853907 0.55634 0.03293 0.097617146093 0.55634
0.03293 -0.127696859912 0.55634 0.03293 0.0976171400878 0.55634
0.03293 -0.127696865671 0.55634 0.03293 0.0976171343294 0.55634
0.03293 -0.127696871192 0.55634 0.03293 0.0976171288078 0.55634
0.03293 -0.127696876487 0.55634 0.03293 0.0976171235131 0.55634
0.03293 -0.127696881564 0.55634 0.03293 0.097617118436 0.55634
0.03293 -0.127696886432 0.55634 0.03293 0.0976171135676 0.55634
0.03293 -0.127696891101 0.55634 0.03293 0.0976171088994 0.55634
0.03293 -0.127696895577 0.55634 0.03293 0.097617104423 0.55634
0.03293 -0.127696899869 0.55634 0.03293 0.0976171001306 0.55634
0.03293 -0.127696903985 0.55634 0.03293 0.0976170960147 0.55634
0.03293 -0.127696907932 0.55634 0.03293 0.097617092068 0.55634
0.03293 -0.127696911717 0.55634 0.03293 0.0976170882835 0.55634
0.03293 -0.127696915345 0.55634 0.03293 0.0976170846546 0.55634
0.03293 -0.127696918825 0.55634 0.03293 0.0976170811748 0.55634
0.03293 -0.127696922162 0.55634 0.03293 0.0976170778381 0.55634
0.03293 -0.127696925362 0.55634 0.03293 0.0976170746385 0.55634
0.03293 -0.12769692843 0.55634 0.03293 0.0976170715704 0.55634
0.03293 -0.127696931372 0.55634 0.03293 0.0976170686285 0.55634
0.03293 -0.127696934193 0.55634 0.03293 0.0976170658075 0.55634
0.03293 -0.127696936898 0.55634 0.03293 0.0976170631024 0.55634
0.03293 -0.127696939491 0.55634 0.03293 0.0976170605086 0.55634
0.03293 -0.127696941979 0.55634 0.03293 0.0976170580213 0.55634
0.03293 -0.127696944364 0.55634 0.03293 0.0976170556363 0.55634
0.03293 -0.127696946651 0.55634 0.03293 0.0976170533494 0.55634
0.03293 -0.127696948844 0.55634 0.03293 0.0976170511564 0.55634
0.03293 -0.127696950946 0.55634 0.03293 0.0976170490536 0.55634
0.03293 -0.127696952963 0.55634 0.03293 0.0976170470372 0.55634
0.03293 -0.127696954896 0.55634 0.03293 0.0976170451037 0.55634
0.03293 -0.12769695675 0.55634 0.03293 0.0976170432497 0.55634
0.03293 -0.127696958528 0.55634 0.03293 0.0976170414719 0.55634
0.03293 -0.127696960233 0.55634 0.03293 0.0976170397672 0.55634
0.03293 -0.127696961867 0.55634 0.03293 0.0976170381325 0.55634
0.03293 -0.127696963435 0.55634 0.03293 0.0976170365651 0.55634
0.03293 -0.127696964938 0.55634 0.03293 0.097617035062 0.55634
0.03293 -0.127696966379 0.55634 0.03293 0.0976170336208 0.55634
0.03293 -0.127696967761 0.55634 0.03293 0.0976170322388 0.55634
0.03293 -0.127696969086 0.55634 0.03293 0.0976170309136 0.55634
0.03293 -0.127696970357 0.55634 0.03293 0.0976170296429 0.55634
0.03293 -0.127696971576 0.55634 0.03293 0.0976170284244 0.55634
0.03293 -0.127696972744 0.55634 0.03293 0.097617027256 0.55634
0.03293 -0.127696973864 0.55634 0.03293 0.0976170261356 0.55634
0.03293 -0.127696974939 0.55634 0.03293 0.0976170250613 0.55634
0.03293 -0.127696975969 0.55634 0.03293 0.0976170240311 0.55634
0.03293 -0.127696976957 0.55634 0.03293 0.0976170230433 0.55634
0.03293 -0.127696977904 0.55634 0.03293 0.0976170220961 0.55634
0.03293 -0.127696978812 0.55634 0.03293 0.0976170211878 0.55634
0.03293 -0.127696979683 0.55634 0.03293 0.0976170203169 0.55634
0.03293 -0.127696980518 0.55634 0.03293 0.0976170194817 0.55634
0.03293 -0.127696981319 0.55634 0.03293 0.0976170186809 0.55634
0.03293 -0.127696982087 0.55634 0.03293 0.097617017913 0.55634
0.03293 -0.127696982823 0.55634 0.03293 0.0976170171767 0.55634
0.03293 -0.127696983529 0.55634 0.03293 0.0976170164707 0.55634
0.03293 -0.127696984206 0.55634 0.03293 0.0976170157936 0.55634
0.03293 -0.127696984856 0.55634 0.03293 0.0976170151444 0.55634
0.03293 -0.127696985478 0.55634 0.03293 0.0976170145219 0.55634
0.03293 -0.127696986075 0.55634 0.03293 0.097617013925 0.55634
0.03293 -0.127696986647 0.55634 0.03293 0.0976170133526 0.55634
0.03293 -0.127696987196 0.55634 0.03293 0.0976170128037 0.55634
0.03293 -0.127696987723 0.55634 0.03293 0.0976170122774 0.55634
0.03293 -0.127696988227 0.55634 0.03293 0.0976170117727 0.55634
0.03293 -0.127696988711 0.55634 0.03293 0.0976170112888 0.55634
0.03293 -0.127696989175 0.55634 0.03293 0.0976170108248 0.55634
0.03293 -0.12769698962 0.55634 0.03293 0.0976170103798 0.55634
0.03293 -0.127696990047 0.55634 0.03293 0.0976170099531 0.55634
0.03293 -0.127696990456 0.55634 0.03293 0.097617009544 0.55634
0.03293 -0.127696990848 0.55634 0.03293 0.0976170091517 0.55634
0.03293 -0.127696991224 0.55634 0.03293 0.0976170087755 0.55634
0.03293 -0.127696991585 0.55634 0.03293 0.0976170084148 0.55634
0.03293 -0.127696991931 0.55634 0.03293 0.0976170080689 0.55634
0.03293 -0.127696992263 0.55634 0.03293 0.0976170077372 0.55634
0.03293 -0.127696992581 0.55634 0.03293 0.0976170074192 0.55634
0.03293 -0.127696992886 0.55634 0.03293 0.0976170071142 0.55634
0.03293 -0.127696993178 0.55634 0.03293 0.0976170068218 0.55634
0.03293 -0.127696993459 0.55634 0.03293 0.0976170065413 0.55634
0.03293 -0.127696993728 0.55634 0.03293 0.0976170062725 0.55634
0.03293 -0.127696993985 0.55634 0.03293 0.0976170060146 0.55634
0.03293 -0.127696994233 0.55634 0.03293 0.0976170057674 0.55634
0.03293 -0.12769699447 0.55634 0.03293 0.0976170055303 0.55634
0.03293 -0.127696994697 0.55634 0.03293 0.097617005303 0.55634
0.03293 -0.127696994915 0.55634 0.03293 0.097617005085 0.55634
0.03293 -0.127696995124 0.55634 0.03293 0.097617004876 0.55634
0.03293 -0.127696995324 0.55634 0.03293 0.0976170046755 0.55634
0.03293 -0.127696995517 0.55634 0.03293 0.0976170044834 0.55634
0.03293 -0.127696995701 0.55634 0.03293 0.0976170042991 0.55634
0.03293 -0.127696995878 0.55634 0.03293 0.0976170041223 0.55634
0.03293 -0.127696996047 0.55634 0.03293 0.0976170039529 0.55634
0.03293 -0.12769699621 0.55634 0.03293 0.0976170037904 0.55634
0.03293 -0.127696996365 0.55634 0.03293 0.0976170036346 0.55634
0.03293 -0.127696996515 0.55634 0.03293 0.0976170034852 0.55634
0.03293 -0.127696996658 0.55634 0.03293 0.0976170033419 0.55634
0.03293 -0.127696996795 0.55634 0.03293 0.0976170032046 0.55634
0.03293 -0.127696996927 0.55634 0.03293 0.0976170030728 0.55634
0.03293 -0.127696997053 0.55634 0.03293 0.0976170029465 0.55634
0.03293 -0.127696997175 0.55634 0.03293 0.0976170028254 0.55634
0.03293 -0.127696997291 0.55634 0.03293 0.0976170027093 0.55634
0.03293 -0.127696997402 0.55634 0.03293 0.0976170025979 0.55634
0.03293 -0.127696997509 0.55634 0.03293 0.0976170024911 0.55634
0.03293 -0.127696997611 0.55634 0.03293 0.0976170023887 0.55634
0.03293 -0.127696997709 0.55634 0.03293 0.0976170022905 0.55634
0.03293 -0.127696997804 0.55634 0.03293 0.0976170021964 0.55634
0.03293 -0.127696997894 0.55634 0.03293 0.0976170021061 0.55634
0.03293 -0.12769699798 0.55634 0.03293 0.0976170020195 0.55634
0.03293 -0.127696998064 0.55634 0.03293 0.0976170019365 0.55634
0.03293 -0.127696998143 0.55634 0.03293 0.0976170018569 0.55634
0.03293 -0.127696998219 0.55634 0.03293 0.0976170017806 0.55634
0.03293 -0.127696998293 0.55634 0.03293 0.0976170017074 0.55634
0.03293 -0.127696998363 0.55634 0.03293 0.0976170016372 0.55634
0.03293 -0.12769699843 0.55634 0.03293 0.0976170015699 0.55634
0.03293 -0.127696998495 0.55634 0.03293 0.0976170015054 0.55634
0.03293 -0.127696998557 0.55634 0.03293 0.0976170014435 0.55634
0.03293 -0.127696998616 0.55634 0.03293 0.0976170013841 0.55634
0.03293 -0.127696998673 0.55634 0.03293 0.0976170013272 0.55634
0.03293 -0.127696998727 0.55634 0.03293 0.0976170012727 0.55634
0.03293 -0.12769699878 0.55634 0.03293 0.0976170012204 0.55634
0.03293 -0.12769699883 0.55634 0.03293 0.0976170011702 0.55634
0.03293 -0.127696998878 0.55634 0.03293 0.0976170011221 0.55634
0.03293 -0.127696998924 0.55634 0.03293 0.097617001076 0.55634
0.03293 -0.127696998968 0.55634 0.03293 0.0976170010318 0.55634
0.03293 -0.127696999011 0.55634 0.03293 0.0976170009893 0.55634
