100
0.0
0.03293 -0.097697 0.55634 0.03293 0.097617 0.55634
0.03293 -0.097697 0.55634 0.03293 0.097617 0.55634
0.03293 -0.097697 0.55634 0.03293 0.097617 0.55634
0.03293 -0.097697 0.55634 0.03293 0.097617 0.55634
0.03293 -0.097697 0.55634 0.03293 0.097617 0.55634
0.03293 -0.097697 0.55634 0.03293 0.097617 0.55634
0.03293 -0.097697 0.55634 0.03293 0.097617 0.55634
0.03293 -0.097697 0.55634 0.03293 0.097617 0.55634
0.03293 -0.097697 0.55634 0.03293 0.097617 0.55634
0.03293 -0.097697 0.55634 0.03293 0.097617 0.55634
0.03293 -0.097697 0.55634 0.03293 0.097617 0.55634
0.03293 -0.097697 0.55634 0.03293 0.097617 0.55634
0.03293 -0.097697 0.55634 0.03293 0.097617 0.55634
0.03293 -0.0976969999992 0.55634 0.03293 0.0976170000008 0.55634
0.03293 -0.0976969999925 0.55634 0.03293 0.0976170000075 0.55634
0.03293 -0.0976969999704 0.55634 0.03293 0.0976170000296 0.55634
0.03293 -0.0976969999202 0.55634 0.03293 0.0976170000798 0.55634
0.03293 -0.0976969998279 0.55634 0.03293 0.0976170001721 0.55634
0.03293 -0.0976969996794 0.55634 0.03293 0.0976170003206 0.55634
0.03293 -0.0976969994609 0.55634 0.03293 0.0976170005391 0.55634
0.03293 -0.0976969991591 0.55634 0.03293 0.0976170008409 0.55634
0.03293 -0.0976969987616 0.55634 0.03293 0.0976170012384 0.55634
0.03293 -0.097696998256 0.55634 0.03293 0.097617001744 0.55634
0.03293 -0.0976969976306 0.55634 0.03293 0.0976170023694 0.55634
0.03293 -0.0976969968738 0.55634 0.03293 0.0976170031262 0.55634
0.03293 -0.0976969959743 0.55634 0.03293 0.0976170040257 0.55634
0.03293 -0.0976969949209 0.55634 0.03293 0.0976170050791 0.55634
0.03293 -0.0976969937024 0.55634 0.03293 0.0976170062976 0.55634
0.03293 -0.097696992308 0.55634 0.03293 0.097617007692 0.55634
0.03293 -0.0976969907265 0.55634 0.03293 0.0976170092735 0.55634
0.03293 -0.0976969889472 0.55634 0.03293 0.0976170110528 0.55634
0.03293 -0.0976969869591 0.55634 0.03293 0.0976170130409 0.55634
0.03293 -0.0976969847511 0.55634 0.03293 0.0976170152489 0.55634
0.03293 -0.0976969823123 0.55634 0.03293 0.0976170176877 0.55634
0.03293 -0.0976969796314 0.55634 0.03293 0.0976170203686 0.55634
0.03293 -0.0976969766971 0.55634 0.03293 0.0976170233029 0.55634
0.03293 -0.0976969734979 0.55634 0.03293 0.0976170265021 0.55634
0.03293 -0.0976969700221 0.55634 0.03293 0.0976170299779 0.55634
0.03293 -0.0976969662578 0.55634 0.03293 0.0976170337422 0.55634
0.03293 -0.0976969621927 0.55634 0.03293 0.0976170378073 0.55634
0.03293 -0.0976969578144 0.55634 0.03293 0.0976170421856 0.55634
0.03293 -0.09769695311 0.55634 0.03293 0.09761704689 0.55634
0.03293 -0.0976969480662 0.55634 0.03293 0.0976170519338 0.55634
0.03293 -0.0976969426695 0.55634 0.03293 0.0976170573305 0.55634
0.03293 -0.0976969369059 0.55634 0.03293 0.0976170630941 0.55634
0.03293 -0.0976969307608 0.55634 0.03293 0.0976170692392 0.55634
0.03293 -0.0976969242193 0.55634 0.03293 0.0976170757807 0.55634
0.03293 -0.0976969172658 0.55634 0.03293 0.0976170827342 0.55634
0.03293 -0.0976969098843 0.55634 0.03293 0.0976170901157 0.55634
0.03293 -0.097696902058 0.55634 0.03293 0.097617097942 0.55634
0.03293 -0.0976968937698 0.55634 0.03293 0.0976171062302 0.55634
0.03293 -0.0976968850016 0.55634 0.03293 0.0976171149984 0.55634
0.03293 -0.0976968757347 0.55634 0.03293 0.0976171242653 0.55634
0.03293 -0.0976968659497 0.55634 0.03293 0.0976171340503 0.55634
0.03293 -0.0976968556265 0.55634 0.03293 0.0976171443735 0.55634
0.03293 -0.0976968447438 0.55634 0.03293 0.0976171552562 0.55634
0.03293 -0.0976968332799 0.55634 0.03293 0.0976171667201 0.55634
0.03293 -0.0976968212119 0.55634 0.03293 0.0976171787881 0.55634
0.03293 -0.097696808516 0.55634 0.03293 0.097617191484 0.55634
0.03293 -0.0976967951675 0.55634 0.03293 0.0976172048325 0.55634
0.03293 -0.0976967811405 0.55634 0.03293 0.0976172188595 0.55634
0.03293 -0.0976967664081 0.55634 0.03293 0.0976172335919 0.55634
0.03293 -0.0976967509422 0.55634 0.03293 0.0976172490578 0.55634
0.03293 -0.0976967347135 0.55634 0.03293 0.0976172652865 0.55634
0.03293 -0.0976967176915 0.55634 0.03293 0.0976172823085 0.55634
0.03293 -0.0976966998443 0.55634 0.03293 0.0976173001557 0.55634
0.03293 -0.0976966811386 0.55634 0.03293 0.0976173188614 0.55634
0.03293 -0.0976966615399 0.55634 0.03293 0.0976173384601 0.55634
0.03293 -0.0976966410117 0.55634 0.03293 0.0976173589883 0.55634
0.03293 -0.0976966195166 0.55634 0.03293 0.0976173804834 0.55634
0.03293 -0.0976965970149 0.55634 0.03293 0.0976174029851 0.55634
0.03293 -0.0976965734657 0.55634 0.03293 0.0976174265343 0.55634
0.03293 -0.097696548826 0.55634 0.03293 0.097617451174 0.55634
0.03293 -0.0976965230511 0.55634 0.03293 0.0976174769489 0.55634
0.03293 -0.0976964960943 0.55634 0.03293 0.0976175039057 0.55634
0.03293 -0.0976964679068 0.55634 0.03293 0.0976175320932 0.55634
0.03293 -0.0976964384378 0.55634 0.03293 0.0976175615622 0.55634
0.03293 -0.0976964076343 0.55634 0.03293 0.0976175923657 0.55634
0.03293 -0.0976963754408 0.55634 0.03293 0.0976176245592 0.55634
0.03293 -0.0976963417996 0.55634 0.03293 0.0976176582004 0.55634
0.03293 -0.0976963066505 0.55634 0.03293 0.0976176933495 0.55634
0.03293 -0.0976962699305 0.55634 0.03293 0.0976177300695 0.55634
0.03293 -0.097696231574 0.55634 0.03293 0.097617768426 0.55634
0.03293 -0.0976961915126 0.55634 0.03293 0.0976178084874 0.55634
0.03293 -0.0976961496748 0.55634 0.03293 0.0976178503252 0.55634
0.03293 -0.0976961059861 0.55634 0.03293 0.0976178940139 0.55634
0.03293 -0.0976960603687 0.55634 0.03293 0.0976179396313 0.55634
0.03293 -0.0976960127416 0.55634 0.03293 0.0976179872584 0.55634
0.03293 -0.09769596302 0.55634 0.03293 0.09761803698 0.55634
0.03293 -0.0976959111156 0.55634 0.03293 0.0976180888844 0.55634
0.03293 -0.0976958569365 0.55634 0.03293 0.0976181430635 0.55634
0.03293 -0.0976958003864 0.55634 0.03293 0.0976181996136 0.55634
0.03293 -0.0976957413651 0.55634 0.03293 0.0976182586349 0.55634
0.03293 -0.097695679768 0.55634 0.03293 0.097618320232 0.55634
0.03293 -0.0976956154861 0.55634 0.03293 0.0976183845139 0.55634
0.03293 -0.0976955484055 0.55634 0.03293 0.0976184515945 0.55634
0.03293 -0.0976954784076 0.55634 0.03293 0.0976185215924 0.55634
0.03293 -0.0976954053685 0.55634 0.03293 0.0976185946315 0.55634
0.03293 -0.097695329159 0.55634 0.03293 0.097618670841 0.55634
0.03293 -0.0976952496444 0.55634 0.03293 0.0976187503556 0.55634
0.03293 -0.0976951666842 0.55634 0.03293 0.0976188333158 0.55634
0.03293 -0.0976950801317 0.55634 0.03293 0.0976189198683 0.55634
0.03293 -0.0976949898341 0.55634 0.03293 0.0976190101659 0.55634
0.03293 -0.0976948956328 0.55634 0.03293 0.0976191043672 0.55634
0.03293 -0.0976947973662 0.55634 0.03293 0.0976192026338 0.55634
0.03293 -0.0976946948707 0.55634 0.03293 0.0976193051293 0.55634
0.03293 -0.0976945879777 0.55634 0.03293 0.0976194120223 0.55634
0.03293 -0.0976944765126 0.55634 0.03293 0.0976195234874 0.55634
0.03293 -0.0976943602926 0.55634 0.03293 0.0976196397074 0.55634
0.03293 -0.0976942391262 0.55634 0.03293 0.0976197608738 0.55634
0.03293 -0.0976941128123 0.55634 0.03293 0.0976198871877 0.55634
0.03293 -0.0976939811403 0.55634 0.03293 0.0976200188597 0.55634
0.03293 -0.0976938438893 0.55634 0.03293 0.0976201561107 0.55634
0.03293 -0.0976937008282 0.55634 0.03293 0.0976202991718 0.55634
0.03293 -0.0976935517151 0.55634 0.03293 0.0976204482849 0.55634
0.03293 -0.0976933962971 0.55634 0.03293 0.0976206037029 0.55634
0.03293 -0.0976932343097 0.55634 0.03293 0.0976207656903 0.55634
0.03293 -0.0976930654764 0.55634 0.03293 0.0976209345236 0.55634
0.03293 -0.0976928895084 0.55634 0.03293 0.0976211104916 0.55634
0.03293 -0.097692706104 0.55634 0.03293 0.097621293896 0.55634
0.03293 -0.097692514948 0.55634 0.03293 0.097621485052 0.55634
0.03293 -0.0976923157111 0.55634 0.03293 0.0976216842889 0.55634
0.03293 -0.0976921080496 0.55634 0.03293 0.0976218919504 0.55634
0.03293 -0.0976918916046 0.55634 0.03293 0.0976221083954 0.55634
0.03293 -0.0976916660014 0.55634 0.03293 0.0976223339986 0.55634
0.03293 -0.097691430849 0.55634 0.03293 0.097622569151 0.55634
0.03293 -0.0976911857393 0.55634 0.03293 0.0976228142607 0.55634
0.03293 -0.0976909302461 0.55634 0.03293 0.0976230697539 0.55634
0.03293 -0.0976906639251 0.55634 0.03293 0.0976233360749 0.55634
0.03293 -0.0976903863124 0.55634 0.03293 0.0976236136876 0.55634
0.03293 -0.0976900969241 0.55634 0.03293 0.0976239030759 0.55634
0.03293 -0.0976897952553 0.55634 0.03293 0.0976242047447 0.55634
0.03293 -0.0976894807792 0.55634 0.03293 0.0976245192208 0.55634
0.03293 -0.0976891529463 0.55634 0.03293 0.0976248470537 0.55634
0.03293 -0.0976888111834 0.55634 0.03293 0.0976251888166 0.55634
0.03293 -0.0976884548926 0.55634 0.03293 0.0976255451074 0.55634
0.03293 -0.09768808345 0.55634 0.03293 0.09762591655 0.55634
0.03293 -0.0976876962051 0.55634 0.03293 0.0976263037949 0.55634
0.03293 -0.0976872924793 0.55634 0.03293 0.0976267075207 0.55634
0.03293 -0.0976868715648 0.55634 0.03293 0.0976271284352 0.55634
0.03293 -0.0976864327233 0.55634 0.03293 0.0976275672767 0.55634
0.03293 -0.097685975185 0.55634 0.03293 0.097628024815 0.55634
0.03293 -0.0976854981467 0.55634 0.03293 0.0976285018533 0.55634
0.03293 -0.0976850007709 0.55634 0.03293 0.0976289992291 0.55634
0.03293 -0.0976844821841 0.55634 0.03293 0.0976295178159 0.55634
0.03293 -0.0976839414754 0.55634 0.03293 0.0976300585246 0.55634
0.03293 -0.0976833776946 0.55634 0.03293 0.0976306223054 0.55634
0.03293 -0.097682789851 0.55634 0.03293 0.097631210149 0.55634
0.03293 -0.0976821769112 0.55634 0.03293 0.0976318230888 0.55634
0.03293 -0.0976815377974 0.55634 0.03293 0.0976324622026 0.55634
0.03293 -0.0976808713859 0.55634 0.03293 0.0976331286141 0.55634
0.03293 -0.0976801765046 0.55634 0.03293 0.0976338234954 0.55634
0.03293 -0.0976794519311 0.55634 0.03293 0.0976345480689 0.55634
0.03293 -0.0976786963906 0.55634 0.03293 0.0976353036094 0.55634
0.03293 -0.0976779085539 0.55634 0.03293 0.0976360914461 0.55634
0.03293 -0.0976770870346 0.55634 0.03293 0.0976369129654 0.55634
0.03293 -0.0976762303867 0.55634 0.03293 0.0976377696133 0.55634
0.03293 -0.0976753371027 0.55634 0.03293 0.0976386628973 0.55634
0.03293 -0.0976744056101 0.55634 0.03293 0.0976395943899 0.55634
0.03293 -0.0976734342692 0.55634 0.03293 0.0976405657308 0.55634
0.03293 -0.0976724213698 0.55634 0.03293 0.0976415786302 0.55634
0.03293 -0.0976713651287 0.55634 0.03293 0.0976426348713 0.55634
0.03293 -0.0976702636861 0.55634 0.03293 0.0976437363139 0.55634
0.03293 -0.0976691151025 0.55634 0.03293 0.0976448848975 0.55634
0.03293 -0.0976679173554 0.55634 0.03293 0.0976460826446 0.55634
0.03293 -0.0976666683354 0.55634 0.03293 0.0976473316646 0.55634
0.03293 -0.0976653658429 0.55634 0.03293 0.0976486341571 0.55634
0.03293 -0.0976640075841 0.55634 0.03293 0.0976499924159 0.55634
0.03293 -0.0976625911665 0.55634 0.03293 0.0976514088335 0.55634
0.03293 -0.0976611140956 0.55634 0.03293 0.0976528859044 0.55634
0.03293 -0.0976595737696 0.55634 0.03293 0.0976544262304 0.55634
0.03293 -0.0976579674754 0.55634 0.03293 0.0976560325246 0.55634
0.03293 -0.0976562923836 0.55634 0.03293 0.0976577076164 0.55634
0.03293 -0.0976545455433 0.55634 0.03293 0.0976594544567 0.55634
0.03293 -0.0976527238776 0.55634 0.03293 0.0976612761224 0.55634
0.03293 -0.0976508241773 0.55634 0.03293 0.0976631758227 0.55634
0.03293 -0.0976488430959 0.55634 0.03293 0.0976651569041 0.55634
0.03293 -0.0976467771433 0.55634 0.03293 0.0976672228567 0.55634
0.03293 -0.0976446226801 0.55634 0.03293 0.0976693773199 0.55634
0.03293 -0.0976423759107 0.55634 0.03293 0.0976716240893 0.55634
0.03293 -0.0976400328768 0.55634 0.03293 0.0976739671232 0.55634
0.03293 -0.0976375894506 0.55634 0.03293 0.0976764105494 0.55634
0.03293 -0.0976350413273 0.55634 0.03293 0.0976789586727 0.55634
0.03293 -0.0976323840176 0.55634 0.03293 0.0976816159824 0.55634
0.03293 -0.0976296128398 0.55634 0.03293 0.0976843871602 0.55634
0.03293 -0.0976267229115 0.55634 0.03293 0.0976872770885 0.55634
0.03293 -0.0976237091411 0.55634 0.03293 0.0976902908589 0.55634
0.03293 -0.0976205662188 0.55634 0.03293 0.0976934337812 0.55634
0.03293 -0.0976172886071 0.55634 0.03293 0.0976967113929 0.55634
0.03293 -0.0976138705313 0.55634 0.03293 0.0977001294687 0.55634
0.03293 -0.097610305969 0.55634 0.03293 0.097703694031 0.55634
0.03293 -0.0976065886397 0.55634 0.03293 0.0977074113603 0.55634
0.03293 -0.097602711994 0.55634 0.03293 0.097711288006 0.55634
0.03293 -0.0975986692013 0.55634 0.03293 0.0977153307987 0.55634
0.03293 -0.0975944531386 0.55634 0.03293 0.0977195468614 0.55634
0.03293 -0.0975900563775 0.55634 0.03293 0.0977239436225 0.55634
0.03293 -0.0975854711711 0.55634 0.03293 0.0977285288289 0.55634
0.03293 -0.0975806894404 0.55634 0.03293 0.0977333105596 0.55634
0.03293 -0.0975757027603 0.55634 0.03293 0.0977382972397 0.55634
0.03293 -0.0975705023444 0.55634 0.03293 0.0977434976556 0.55634
0.03293 -0.0975650790299 0.55634 0.03293 0.0977489209701 0.55634
0.03293 -0.0975594232609 0.55634 0.03293 0.0977545767391 0.55634
0.03293 -0.0975535250722 0.55634 0.03293 0.0977604749278 0.55634
0.03293 -0.0975473740712 0.55634 0.03293 0.0977666259288 0.55634
0.03293 -0.0975409594202 0.55634 0.03293 0.0977730405798 0.55634
0.03293 -0.0975342698165 0.55634 0.03293 0.0977797301835 0.55634
0.03293 -0.0975272934731 0.55634 0.03293 0.0977867065269 0.55634
0.03293 -0.097520018098 0.55634 0.03293 0.097793981902 0.55634
0.03293 -0.0975124308719 0.55634 0.03293 0.0978015691281 0.55634
0.03293 -0.0975045184262 0.55634 0.03293 0.0978094815738 0.55634
0.03293 -0.0974962668193 0.55634 0.03293 0.0978177331807 0.55634
0.03293 -0.0974876615119 0.55634 0.03293 0.0978263384881 0.55634
0.03293 -0.0974786873414 0.55634 0.03293 0.0978353126586 0.55634
0.03293 -0.0974693284955 0.55634 0.03293 0.0978446715045 0.55634
0.03293 -0.0974595684838 0.55634 0.03293 0.0978544315162 0.55634
0.03293 -0.0974493901093 0.55634 0.03293 0.0978646098907 0.55634
0.03293 -0.0974387754377 0.55634 0.03293 0.0978752245623 0.55634
0.03293 -0.0974277057658 0.55634 0.03293 0.0978862942342 0.55634
0.03293 -0.097416161589 0.55634 0.03293 0.097897838411 0.55634
0.03293 -0.0974041225664 0.55634 0.03293 0.0979098774336 0.55634
0.03293 -0.0973915674853 0.55634 0.03293 0.0979224325147 0.55634
0.03293 -0.0973784742235 0.55634 0.03293 0.0979355257765 0.55634
0.03293 -0.0973648197106 0.55634 0.03293 0.0979491802894 0.55634
0.03293 -0.0973505798875 0.55634 0.03293 0.0979634201125 0.55634
0.03293 -0.0973357296635 0.55634 0.03293 0.0979782703365 0.55634
0.03293 -0.0973202428725 0.55634 0.03293 0.0979937571275 0.55634
0.03293 -0.0973040922266 0.55634 0.03293 0.0980099077734 0.55634
0.03293 -0.0972872492684 0.55634 0.03293 0.0980267507316 0.55634
0.03293 -0.0972696843206 0.55634 0.03293 0.0980443156794 0.55634
0.03293 -0.0972513664337 0.55634 0.03293 0.0980626335663 0.55634
0.03293 -0.0972322633313 0.55634 0.03293 0.0980817366687 0.55634
0.03293 -0.097212341354 0.55634 0.03293 0.098101658646 0.55634
0.03293 -0.097191565399 0.55634 0.03293 0.098122434601 0.55634
0.03293 -0.097169898859 0.55634 0.03293 0.098144101141 0.55634
0.03293 -0.0971473035575 0.55634 0.03293 0.0981666964425 0.55634
0.03293 -0.0971237396816 0.55634 0.03293 0.0981902603184 0.55634
0.03293 -0.0970991657116 0.55634 0.03293 0.0982148342884 0.55634
0.03293 -0.0970735383481 0.55634 0.03293 0.0982404616519 0.55634
0.03293 -0.0970468124356 0.55634 0.03293 0.0982671875644 0.55634
0.03293 -0.0970189408831 0.55634 0.03293 0.0982950591169 0.55634
0.03293 -0.0969898745807 0.55634 0.03293 0.0983241254193 0.55634
0.03293 -0.0969595623135 0.55634 0.03293 0.0983544376865 0.55634
0.03293 -0.0969279506714 0.55634 0.03293 0.0983860493286 0.55634
0.03293 -0.0968949839545 0.55634 0.03293 0.0984190160455 0.55634
0.03293 -0.0968606040755 0.55634 0.03293 0.0984533959245 0.55634
0.03293 -0.0968247504569 0.55634 0.03293 0.0984892495431 0.55634
0.03293 -0.0967873599246 0.55634 0.03293 0.0985266400754 0.55634
0.03293 -0.0967483665965 0.55634 0.03293 0.0985656334035 0.55634
0.03293 -0.0967077017664 0.55634 0.03293 0.0986062982336 0.55634
0.03293 -0.0966652937827 0.55634 0.03293 0.0986487062173 0.55634
0.03293 -0.0966210679228 0.55634 0.03293 0.0986929320772 0.55634
0.03293 -0.0965749462605 0.55634 0.03293 0.0987390537395 0.55634
0.03293 -0.0965268475295 0.55634 0.03293 0.0987871524705 0.55634
0.03293 -0.0964766869801 0.55634 0.03293 0.0988373130199 0.55634
0.03293 -0.0964243762292 0.55634 0.03293 0.0988896237708 0.55634
0.03293 -0.0963698231056 0.55634 0.03293 0.0989441768944 0.55634
0.03293 -0.0963129314866 0.55634 0.03293 0.0990010685134 0.55634
0.03293 -0.0962536011294 0.55634 0.03293 0.0990603988706 0.55634
0.03293 -0.0961917274941 0.55634 0.03293 0.0991222725059 0.55634
0.03293 -0.0961272015594 0.55634 0.03293 0.0991867984406 0.55634
0.03293 -0.096059909631 0.55634 0.03293 0.099254090369 0.55634
0.03293 -0.0959897331406 0.55634 0.03293 0.0993242668594 0.55634
0.03293 -0.0959165484377 0.55634 0.03293 0.0993974515623 0.55634
0.03293 -0.0958402265709 0.55634 0.03293 0.0994737734291 0.55634
0.03293 -0.0957606330616 0.55634 0.03293 0.0995533669384 0.55634
0.03293 -0.0956776276665 0.55634 0.03293 0.0996363723335 0.55634
0.03293 -0.0955910641303 0.55634 0.03293 0.0997229358697 0.55634
0.03293 -0.0955007899287 0.55634 0.03293 0.0998132100713 0.55634
0.03293 -0.0954066459991 0.55634 0.03293 0.0999073540009 0.55634
0.03293 -0.0953084664605 0.55634 0.03293 0.10000553354 0.55634
0.03293 -0.0952060783211 0.55634 0.03293 0.100107921679 0.55634
0.03293 -0.0950993011737 0.55634 0.03293 0.100214698826 0.55634
0.03293 -0.0949879468779 0.55634 0.03293 0.100326053122 0.55634
0.03293 -0.0948718192283 0.55634 0.03293 0.100442180772 0.55634
0.03293 -0.0947507136087 0.55634 0.03293 0.100563286391 0.55634
0.03293 -0.0946244166322 0.55634 0.03293 0.100689583368 0.55634
0.03293 -0.0944927057646 0.55634 0.03293 0.100821294235 0.55634
0.03293 -0.0943553489326 0.55634 0.03293 0.100958651067 0.55634
0.03293 -0.0942121041146 0.55634 0.03293 0.101101895885 0.55634
0.03293 -0.0940627189148 0.55634 0.03293 0.101251281085 0.55634
0.03293 -0.0939069301179 0.55634 0.03293 0.101407069882 0.55634
0.03293 -0.0937444632256 0.55634 0.03293 0.101569536774 0.55634
0.03293 -0.093575031973 0.55634 0.03293 0.101738968027 0.55634
0.03293 -0.0933983378241 0.55634 0.03293 0.101915662176 0.55634
0.03293 -0.0932140694456 0.55634 0.03293 0.102099930554 0.55634
0.03293 -0.0930219021588 0.55634 0.03293 0.102292097841 0.55634
0.03293 -0.0928214973676 0.55634 0.03293 0.102492502632 0.55634
0.03293 -0.0926125019619 0.55634 0.03293 0.102701498038 0.55634
0.03293 -0.0923945476963 0.55634 0.03293 0.102919452304 0.55634
0.03293 -0.0921672505411 0.55634 0.03293 0.103146749459 0.55634
0.03293 -0.091930210005 0.55634 0.03293 0.103383789995 0.55634
0.03293 -0.0916830084274 0.55634 0.03293 0.103630991573 0.55634
0.03293 -0.0914252102375 0.55634 0.03293 0.103888789762 0.55634
0.03293 -0.0911563611787 0.55634 0.03293 0.104157638821 0.55634
0.03293 -0.0908759874984 0.55634 0.03293 0.104438012502 0.55634
0.03293 -0.0905835951094 0.55634 0.03293 0.104730404891 0.55634
0.03293 -0.0902786687337 0.55634 0.03293 0.105035331266 0.55634
0.03293 -0.0899606710527 0.55634 0.03293 0.105353328947 0.55634
0.03293 -0.0896290418886 0.55634 0.03293 0.105684958111 0.55634
0.03293 -0.089283197431 0.55634 0.03293 0.106030802569 0.55634
0.03293 -0.0889225294625 0.55634 0.03293 0.106391470537 0.55634
0.03293 -0.0885464044176 0.55634 0.03293 0.106767595582 0.55634
0.03293 -0.0881541618995 0.55634 0.03293 0.1071598381 0.55634
0.03293 -0.0877451120342 0.55634 0.03293 0.107568887966 0.55634
0.03293 -0.0873185309116 0.55634 0.03293 0.107995469088 0.55634
0.03293 -0.0868736537158 0.55634 0.03293 0.108440346284 0.55634
0.03293 -0.0864096665723 0.55634 0.03293 0.108904333428 0.55634
0.03293 -0.0859257013711 0.55634 0.03293 0.109388298629 0.55634
0.03293 -0.0854208432348 0.55634 0.03293 0.109893156765 0.55634
0.03293 -0.0848941669029 0.55634 0.03293 0.110419833097 0.55634
0.03293 -0.084344821978 0.55634 0.03293 0.110969178022 0.55634
0.03293 -0.0837721783803 0.55634 0.03293 0.11154182162 0.55634
0.03293 -0.0831760067547 0.55634 0.03293 0.112137993245 0.55634
0.03293 -0.0825565846889 0.55634 0.03293 0.112757415311 0.55634
0.03293 -0.0819145905807 0.55634 0.03293 0.113399409419 0.55634
0.03293 -0.081250923315 0.55634 0.03293 0.114063076685 0.55634
0.03293 -0.0805665568959 0.55634 0.03293 0.114747443104 0.55634
0.03293 -0.0798624552855 0.55634 0.03293 0.115451544715 0.55634
0.03293 -0.0791395361066 0.55634 0.03293 0.116174463893 0.55634
0.03293 -0.0783986632616 0.55634 0.03293 0.116915336738 0.55634
0.03293 -0.0776406521978 0.55634 0.03293 0.117673347802 0.55634
0.03293 -0.0768662781488 0.55634 0.03293 0.118447721851 0.55634
0.03293 -0.0760762830956 0.55634 0.03293 0.119237716904 0.55634
0.03293 -0.0752713804163 0.55634 0.03293 0.120042619584 0.55634
0.03293 -0.0744522576261 0.55634 0.03293 0.120861742374 0.55634
0.03293 -0.0736195779552 0.55634 0.03293 0.121694422045 0.55634
0.03293 -0.0727739813871 0.55634 0.03293 0.122540018613 0.55634
0.03293 -0.0719160855314 0.55634 0.03293 0.123397914469 0.55634
0.03293 -0.0710464864992 0.55634 0.03293 0.124267513501 0.55634
0.03293 -0.0701657598247 0.55634 0.03293 0.125148240175 0.55634
0.03293 -0.0692744614214 0.55634 0.03293 0.126039538579 0.55634
0.03293 -0.0683731285469 0.55634 0.03293 0.126940871453 0.55634
0.03293 -0.0674622807542 0.55634 0.03293 0.127851719246 0.55634
0.03293 -0.0665424208161 0.55634 0.03293 0.128771579184 0.55634
0.03293 -0.0656140356196 0.55634 0.03293 0.12969996438 0.55634
0.03293 -0.0646775970288 0.55634 0.03293 0.130636402971 0.55634
0.03293 -0.0637335627181 0.55634 0.03293 0.131580437282 0.55634
0.03293 -0.0627823769797 0.55634 0.03293 0.13253162302 0.55634
0.03293 -0.0618244715061 0.55634 0.03293 0.133489528494 0.55634
0.03293 -0.0608602661502 0.55634 0.03293 0.13445373385 0.55634
0.03293 -0.0598901696651 0.55634 0.03293 0.135423830335 0.55634
0.03293 -0.0589145804237 0.55634 0.03293 0.136399419576 0.55634
0.03293 -0.0579338871211 0.55634 0.03293 0.137380112879 0.55634
0.03293 -0.0569484694588 0.55634 0.03293 0.138365530541 0.55634
0.03293 -0.0559586988142 0.55634 0.03293 0.139355301186 0.55634
0.03293 -0.0549649388948 0.55634 0.03293 0.140349061105 0.55634
0.03293 -0.0539675463792 0.55634 0.03293 0.141346453621 0.55634
0.03293 -0.0529668715452 0.55634 0.03293 0.142347128455 0.55634
0.03293 -0.0519632588875 0.55634 0.03293 0.143350741113 0.55634
0.03293 -0.0509570477241 0.55634 0.03293 0.144356952276 0.55634
0.03293 -0.0499485727948 0.55634 0.03293 0.145365427205 0.55634
0.03293 -0.0489381648505 0.55634 0.03293 0.146375835149 0.55634
0.03293 -0.0479261512364 0.55634 0.03293 0.147387848764 0.55634
0.03293 -0.0469128564681 0.55634 0.03293 0.148401143532 0.55634
0.03293 -0.0458986028044 0.55634 0.03293 0.149415397196 0.55634
0.03293 -0.0448837108141 0.55634 0.03293 0.150430289186 0.55634
0.03293 -0.0438684999415 0.55634 0.03293 0.151445500059 0.55634
0.03293 -0.042853289069 0.55634 0.03293 0.152460710931 0.55634
0.03293 -0.0418383970789 0.55634 0.03293 0.153475602921 0.55634
0.03293 -0.0408241434155 0.55634 0.03293 0.154489856584 0.55634
0.03293 -0.0398108486478 0.55634 0.03293 0.155503151352 0.55634
0.03293 -0.0387988350343 0.55634 0.03293 0.156515164966 0.55634
0.03293 -0.0377884270909 0.55634 0.03293 0.157525572909 0.55634
0.03293 -0.0367799521626 0.55634 0.03293 0.158534047837 0.55634
0.03293 -0.0357737410004 0.55634 0.03293 0.159540259 0.55634
0.03293 -0.034770128344 0.55634 0.03293 0.160543871656 0.55634
0.03293 -0.0337694535115 0.55634 0.03293 0.161544546489 0.55634
0.03293 -0.0327720609975 0.55634 0.03293 0.162541939003 0.55634
0.03293 -0.0317783010799 0.55634 0.03293 0.16353569892 0.55634
0.03293 -0.0307885304372 0.55634 0.03293 0.164525469563 0.55634
0.03293 -0.029803112777 0.55634 0.03293 0.165510887223 0.55634
0.03293 -0.0288224194767 0.55634 0.03293 0.166491580523 0.55634
0.03293 -0.0278468302377 0.55634 0.03293 0.167467169762 0.55634
0.03293 -0.0268767337552 0.55634 0.03293 0.168437266245 0.55634
0.03293 -0.0259125284021 0.55634 0.03293 0.169401471598 0.55634
0.03293 -0.0249546229314 0.55634 0.03293 0.170359377069 0.55634
0.03293 -0.0240034371962 0.55634 0.03293 0.171310562804 0.55634
0.03293 -0.0230594028888 0.55634 0.03293 0.172254597111 0.55634
0.03293 -0.0221229643014 0.55634 0.03293 0.173191035699 0.55634
0.03293 -0.0211945791086 0.55634 0.03293 0.174119420891 0.55634
0.03293 -0.0202747191743 0.55634 0.03293 0.175039280826 0.55634
0.03293 -0.0193638713856 0.55634 0.03293 0.175950128614 0.55634
0.03293 -0.0184625385154 0.55634 0.03293 0.176851461485 0.55634
0.03293 -0.0175712401164 0.55634 0.03293 0.177742759884 0.55634
0.03293 -0.0166905134465 0.55634 0.03293 0.178623486554 0.55634
0.03293 -0.0158209144191 0.55634 0.03293 0.179493085581 0.55634
0.03293 -0.0149630185684 0.55634 0.03293 0.180350981432 0.55634
0.03293 -0.0141174220055 0.55634 0.03293 0.181196577994 0.55634
0.03293 -0.01328474234 0.55634 0.03293 0.18202925766 0.55634
0.03293 -0.0124656195554 0.55634 0.03293 0.182848380445 0.55634
0.03293 -0.0116607168819 0.55634 0.03293 0.183653283118 0.55634
0.03293 -0.0108707218347 0.55634 0.03293 0.184443278165 0.55634
0.03293 -0.010096347792 0.55634 0.03293 0.185217652208 0.55634
0.03293 -0.00933833673467 0.55634 0.03293 0.185975663265 0.55634
0.03293 -0.00859746389639 0.55634 0.03293 0.186716536104 0.55634
0.03293 -0.00787454472446 0.55634 0.03293 0.187439455276 0.55634
0.03293 -0.00717044312126 0.55634 0.03293 0.188143556879 0.55634
0.03293 -0.00648607670953 0.55634 0.03293 0.18882792329 0.55634
0.03293 -0.00582240945154 0.55634 0.03293 0.189491590548 0.55634
0.03293 -0.00518041535116 0.55634 0.03293 0.190133584649 0.55634
0.03293 -0.00456099329357 0.55634 0.03293 0.190753006706 0.55634
0.03293 -0.0039648216764 0.55634 0.03293 0.191349188345 0.556339936173
0.03293 -0.00339217808729 0.55634 0.03293 0.191921901696 0.556339494323
0.03293 -0.00284283317134 0.55634 0.03293 0.192471434791 0.55633830991
0.03293 -0.0023161568486 0.55634 0.03293 0.192998475232 0.55633603288
0.03293 -0.00181129872175 0.55634 0.03293 0.19350392979 0.556332327435
0.03293 -0.0013273335303 0.55634 0.03293 0.193988778963 0.556326871788
0.03293 -0.000863346396818 0.55634 0.03293 0.194453991731 0.556319357938
0.03293 -0.000418469211316 0.55634 0.03293 0.194900489184 0.55630949143
0.03293 8.11190063836e-06 0.55634 0.03293 0.195329137062 0.556296991125
0.03293 0.000417161755065 0.55634 0.03293 0.195740750932 0.556281588975
0.03293 0.000809404261938 0.55634 0.03293 0.196136104359 0.556263029787
0.03293 0.0011855292953 0.55634 0.03293 0.196515935775 0.556241071005
0.03293 0.00154619724998 0.55634 0.03293 0.196880953046 0.556215482478
0.03293 0.00189204168011 0.55634 0.03293 0.197231836122 0.556186046238
0.03293 0.00222367078114 0.55634 0.03293 0.197569238518 0.556152556282
0.03293 0.00254166833486 0.55634 0.03293 0.197893788275 0.556114818346
0.03293 0.00284659448694 0.55634 0.03293 0.19820608874 0.556072649691
0.03293 0.00313898652377 0.55634 0.03293 0.198506719354 0.556025878881
0.03293 0.00341935969192 0.55634 0.03293 0.198796236474 0.555974345573
0.03293 0.00368820804865 0.55634 0.03293 0.199075174236 0.555917900297
0.03293 0.00394600531756 0.55634 0.03293 0.199344045417 0.555856404247
0.03293 0.00419320572756 0.55634 0.03293 0.199603342278 0.555789729069
0.03293 0.00443024482257 0.55634 0.03293 0.199853537387 0.55571775665
0.03293 0.00465754023685 0.55634 0.03293 0.200095084397 0.555640378914
0.03293 0.00487549243573 0.55634 0.03293 0.200328418796 0.555557497612
0.03293 0.00508448542341 0.55634 0.03293 0.200553958625 0.555469024117
0.03293 0.00528488742009 0.55634 0.03293 0.200772105157 0.555374879224
0.03293 0.00547705151064 0.55634 0.03293 0.200983243558 0.555274992945
0.03293 0.00566131626628 0.55634 0.03293 0.201187743515 0.555169304311
0.03293 0.00583800634082 0.55634 0.03293 0.201385959838 0.555057761172
0.03293 0.00600743304249 0.55634 0.03293 0.201578233042 0.55494032
0.03293 0.00616989488228 0.55634 0.03293 0.201764889902 0.554816945695
0.03293 0.00632567809992 0.55634 0.03293 0.201946243985 0.554687611391
0.03293 0.00647505716816 0.55634 0.03293 0.202122596163 0.554552298259
0.03293 0.00661829527638 0.55634 0.03293 0.202294235105 0.554410995325
0.03293 0.00675564479433 0.55634 0.03293 0.202461437747 0.554263699271
0.03293 0.00688734771672 0.55634 0.03293 0.202624469745 0.554110414255
0.03293 0.00701363608967 0.55634 0.03293 0.202783585907 0.553951151721
0.03293 0.00713473241948 0.55634 0.03293 0.202939030615 0.553785930215
0.03293 0.00725085006468 0.55634 0.03293 0.203091038215 0.553614775202
0.03293 0.00736219361196 0.55634 0.03293 0.203239833409 0.553437718885
0.03293 0.00746895923659 0.55634 0.03293 0.203385631621 0.553254800026
0.03293 0.00757133504808 0.55634 0.03293 0.203528639347 0.553066063766
0.03293 0.0076695014216 0.55634 0.03293 0.203669054496 0.552871561446
0.03293 0.00776363131577 0.55634 0.03293 0.203807066717 0.552671350439
0.03293 0.00785389057743 0.55634 0.03293 0.203942857709 0.552465493968
0.03293 0.00794043823376 0.55634 0.03293 0.204076601522 0.552254060941
0.03293 0.00802342677256 0.55634 0.03293 0.204208464842 0.552037125774
0.03293 0.00810300241086 0.55634 0.03293 0.204338607273 0.551814768227
0.03293 0.00982838976868 0.55634 0.03293 0.219498201088 0.527813629584
0.03293 0.00982387938732 0.55634 0.03293 0.220194322571 0.527961890233
0.03293 0.00981912911312 0.55634 0.03293 0.220887713116 0.528116830261
0.03293 0.00981413057777 0.55634 0.03293 0.221578250491 0.528278371796
0.03293 0.00980887497543 0.55634 0.03293 0.222265812693 0.528446433599
0.03293 0.00980335304725 0.55634 0.03293 0.222950277957 0.528620931103
0.03293 0.00979755506503 0.55634 0.03293 0.223631524774 0.528801776445
0.03293 0.00979147081409 0.55634 0.03293 0.224309431904 0.52898887851
0.03293 0.00978508957529 0.55634 0.03293 0.224983878385 0.529182142966
0.03293 0.00977840010613 0.55634 0.03293 0.22565474355 0.529381472305
0.03293 0.00977139062094 0.55634 0.03293 0.22632190703 0.529586765891
0.03293 0.00976404877012 0.55634 0.03293 0.22698524877 0.52979792
0.03293 0.0097563616184 0.55634 0.03293 0.227644649033 0.530014827865
0.03293 0.00974831562201 0.55634 0.03293 0.22829998841 0.530237379728
0.03293 0.00973989660487 0.55634 0.03293 0.228951147825 0.530465462886
0.03293 0.00973108973356 0.55634 0.03293 0.22959800854 0.53069896174
0.03293 0.00972187949123 0.55634 0.03293 0.230240452161 0.530937757853
0.03293 0.00971224965023 0.55634 0.03293 0.23087836064 0.531181729998
0.03293 0.00970218324354 0.55634 0.03293 0.231511616273 0.531430754214
0.03293 0.00969166253486 0.55634 0.03293 0.232140101706 0.531684703868
0.03293 0.00968066898737 0.55634 0.03293 0.232763699931 0.531943449706
0.03293 0.00966918323106 0.55634 0.03293 0.233382294282 0.532206859918
0.03293 0.00965718502862 0.55634 0.03293 0.233995768436 0.5324748002
0.03293 0.00964465323977 0.55634 0.03293 0.234604006401 0.532747133813
0.03293 0.00963156578399 0.55634 0.03293 0.235206892514 0.53302372165
0.03293 0.00961789960168 0.55634 0.03293 0.235804311431 0.533304422303
0.03293 0.00960363061344 0.55634 0.03293 0.236396148116 0.533589092129
0.03293 0.00958873367773 0.55634 0.03293 0.236982287827 0.533877585321
0.03293 0.00957318254652 0.55634 0.03293 0.237562616106 0.534169753977
0.03293 0.00955694981906 0.55634 0.03293 0.23813701876 0.534465448175
0.03293 0.00954000689359 0.55634 0.03293 0.238705381844 0.534764516044
0.03293 0.00952232391695 0.55634 0.03293 0.239267591638 0.535066803842
0.03293 0.009503869732 0.55634 0.03293 0.23982353463 0.53537215603
0.03293 0.00948461182268 0.55634 0.03293 0.240373097488 0.535680415357
0.03293 0.00946451625675 0.55634 0.03293 0.24091616703 0.535991422931
0.03293 0.009443547626 0.55634 0.03293 0.241452630201 0.536305018308
0.03293 0.00942166898385 0.55634 0.03293 0.241982374036 0.536621039575
0.03293 0.00939884178026 0.55634 0.03293 0.242505285626 0.536939323431
0.03293 0.00937502579379 0.55634 0.03293 0.243021252081 0.537259705273
0.03293 0.00935017906074 0.55634 0.03293 0.243530160488 0.537582019292
0.03293 0.00932425780124 0.55634 0.03293 0.244031897871 0.537906098552
0.03293 0.00929721634207 0.55634 0.03293 0.244526351138 0.538231775089
0.03293 0.00926900703618 0.55634 0.03293 0.245013407036 0.53855888
0.03293 0.00923958017877 0.55634 0.03293 0.245492952094 0.538887243537
0.03293 0.00920888391972 0.55634 0.03293 0.245964872567 0.539216695205
0.03293 0.00917686417216 0.55634 0.03293 0.246429054376 0.539547063859
0.03293 0.00914346451726 0.55634 0.03293 0.246885383038 0.539878177799
0.03293 0.00910862610474 0.55634 0.03293 0.247333743604 0.540209864877
0.03293 0.00907228754925 0.55634 0.03293 0.24777402058 0.540541952594
0.03293 0.00903438482215 0.55634 0.03293 0.248206097851 0.540874268205
0.03293 0.00899485113874 0.55634 0.03293 0.248629858597 0.541206638824
0.03293 0.00895361684052 0.55634 0.03293 0.249045185209 0.541538891531
0.03293 0.00891060927255 0.55634 0.03293 0.249451959191 0.541870853483
0.03293 0.00886575265535 0.55634 0.03293 0.249850061068 0.542202352017
0.03293 0.0088189679514 0.55634 0.03293 0.250239370279 0.542533214768
0.03293 0.0087701727259 0.55634 0.03293 0.250619765067 0.542863269778
0.03293 0.0087192810015 0.55634 0.03293 0.250991122368 0.543192345613
0.03293 0.00866620310681 0.55634 0.03293 0.251353317686 0.543520271477
0.03293 0.0086108455184 0.55634 0.03293 0.251706224968 0.543846877331
0.03293 0.00855311069603 0.55634 0.03293 0.252049716466 0.544171994012
0.03293 0.00849289691076 0.55634 0.03293 0.2523836626 0.544495453352
0.03293 0.00843009806572 0.55634 0.03293 0.252707931802 0.544817088303
0.03293 0.00836460350917 0.55634 0.03293 0.253022390369 0.545136733058
0.03293 0.00829629783954 0.55634 0.03293 0.253326902287 0.54545422318
0.03293 0.00822506070205 0.55634 0.03293 0.253621329067 0.545769395726
0.03293 0.00815076657671 0.55634 0.03293 0.25390552956 0.546082089374
0.03293 0.00807328455711 0.55634 0.03293 0.254179359763 0.546392144559
0.03293 0.0079924781198 0.55634 0.03293 0.254442672623 0.546699403598
0.03293 0.0079082048837 0.55634 0.03293 0.254695317824 0.547003710828
0.03293 0.00782031635924 0.55634 0.03293 0.254937141568 0.547304912739
0.03293 0.00772865768675 0.55634 0.03293 0.255167986342 0.547602858109
0.03293 0.00763306736356 0.55634 0.03293 0.255387690676 0.547897398143
0.03293 0.00753337695947 0.55634 0.03293 0.255596088888 0.548188386613
0.03293 0.00742941081994 0.55634 0.03293 0.25579301082 0.54847568
0.03293 0.00732098575662 0.55634 0.03293 0.255978281554 0.548759137632
0.03293 0.00720791072459 0.55634 0.03293 0.256151721123 0.549038621833
0.03293 0.00708998648568 0.55634 0.03293 0.256313144205 0.549313998065
0.03293 0.00696700525749 0.55634 0.03293 0.256462359799 0.549585135079
0.03293 0.00683875034722 0.55634 0.03293 0.256599170891 0.54985190506
0.03293 0.00670499576989 0.55634 0.03293 0.256723374104 0.55011418378
0.03293 0.00656550585018 0.55634 0.03293 0.256834759326 0.550371850748
0.03293 0.00642003480713 0.55634 0.03293 0.256933109328 0.550624789364
0.03293 0.00626832632109 0.55634 0.03293 0.257018199359 0.550872887075
0.03293 0.00611011308212 0.55634 0.03293 0.257089796729 0.55111603553
0.03293 0.00594511631896 0.55634 0.03293 0.257147660362 0.55135413074
0.03293 0.00577304530786 0.55634 0.03293 0.257191540338 0.551587073234
0.03293 0.00559359686033 0.55634 0.03293 0.257221177413 0.551814768227
0.03293 0.0054064547889 0.55634 0.03293 0.25723630251 0.552037125774
0.03293 0.00521128935006 0.55634 0.03293 0.257236636198 0.552254060941
0.03293 0.0050077566632 0.55634 0.03293 0.257221888136 0.552465493968
0.03293 0.00479549810474 0.55634 0.03293 0.257191756499 0.552671350439
0.03293 0.00457413967623 0.55634 0.03293 0.257145927379 0.552871561446
0.03293 0.00434329134536 0.55634 0.03293 0.257084074151 0.553066063766
0.03293 0.00410254635875 0.55634 0.03293 0.257005856821 0.553254800026
0.03293 0.00385148052526 0.55634 0.03293 0.256910921336 0.553437718885
0.03293 0.00358965146857 0.55634 0.03293 0.256798898869 0.553614775202
0.03293 0.00331659784772 0.55634 0.03293 0.256669405067 0.553785930215
0.03293 0.00303183854422 0.55634 0.03293 0.256522039273 0.553951151721
0.03293 0.00273487181439 0.55634 0.03293 0.256356383703 0.554110414255
0.03293 0.00242517440523 0.55634 0.03293 0.256172002595 0.554263699271
0.03293 0.00210220063251 0.55634 0.03293 0.255968441319 0.554410995325
0.03293 0.00176538141928 0.55634 0.03293 0.255745225441 0.554552298259
0.03293 0.00141412329315 0.55634 0.03293 0.255501859753 0.554687611391
0.03293 0.00104780734065 0.55634 0.03293 0.255237827261 0.554816945695
0.03293 0.000665788116636 0.55634 0.03293 0.254952588117 0.55494032
0.03293 0.000267392507106 0.55634 0.03293 0.254645578518 0.555057761172
0.03293 -0.000148081456905 0.55634 0.03293 0.254316209549 0.555169304311
0.03293 -0.000581365836182 0.55634 0.03293 0.253963865975 0.555274992945
0.03293 -0.00103322407322 0.55634 0.03293 0.25358790498 0.555374879224
0.03293 -0.00150445233733 0.55634 0.03293 0.253187654857 0.555469024117
0.03293 -0.00199588092723 0.55634 0.03293 0.252762413631 0.555557497612
0.03293 -0.00250837573352 0.55634 0.03293 0.252311447628 0.555640378914
0.03293 -0.00304283976361 0.55634 0.03293 0.25183398998 0.55571775665
0.03293 -0.00360021473181 0.55634 0.03293 0.251329239067 0.555789729069
0.03293 -0.00418148271828 0.55634 0.03293 0.250796356885 0.555856404247
0.03293 -0.00478766790092 0.55634 0.03293 0.250234467349 0.555917900297
0.03293 -0.00541983836573 0.55634 0.03293 0.249642654507 0.555974345573
0.03293 -0.00607910800134 0.55634 0.03293 0.249019960679 0.556025878881
0.03293 -0.00676663848243 0.55634 0.03293 0.248365384504 0.556072649691
0.03293 -0.0074836413409 0.55634 0.03293 0.247677878899 0.556114818346
0.03293 -0.00823138011202 0.55634 0.03293 0.246956348941 0.556152556282
0.03293 -0.00901117252268 0.55634 0.03293 0.246199649711 0.556186046238
0.03293 -0.00982439266539 0.55634 0.03293 0.245406584149 0.556215482478
0.03293 -0.0106724730905 0.55634 0.03293 0.244575900992 0.556241071005
0.03293 -0.0115569067858 0.55634 0.03293 0.243706292826 0.556263029787
0.03293 -0.0124792491556 0.55634 0.03293 0.242796394136 0.556281588975
0.03293 -0.0134411204278 0.55634 0.03293 0.241844778928 0.556296991125
0.03293 -0.0144442094468 0.55634 0.03293 0.24084995697 0.55630949143
0.03293 -0.0154902804401 0.55634 0.03293 0.23981036705 0.556319357938
0.03293 -0.0165811846766 0.55634 0.03293 0.238724365352 0.556326871788
0.03293 -0.0177188780353 0.55634 0.03293 0.237590207917 0.556332327435
0.03293 -0.0189054418538 0.55634 0.03293 0.236406029825 0.55633603288
0.03293 -0.0201430961677 0.55634 0.03293 0.235169831982 0.55633830991
0.03293 -0.0214341806127 0.55634 0.03293 0.233879500253 0.556339494323
0.03293 -0.022781061377 0.55634 0.03293 0.232532898537 0.556339936173
0.03293 -0.0241859131999 0.55634 0.03293 0.2311280868 0.55634
0.03293 -0.0256503473975 0.55634 0.03293 0.229663652602 0.55634
0.03293 -0.0271749505015 0.55634 0.03293 0.228139049498 0.55634
0.03293 -0.0287590126268 0.55634 0.03293 0.226554987373 0.55634
0.03293 -0.0304007988865 0.55634 0.03293 0.224913201114 0.55634
0.03293 -0.0320980105356 0.55634 0.03293 0.223215989464 0.55634
0.03293 -0.0338481567263 0.55634 0.03293 0.221465843274 0.55634
0.03293 -0.0356487722905 0.55634 0.03293 0.219665227709 0.55634
0.03293 -0.0374975105654 0.55634 0.03293 0.217816489435 0.55634
0.03293 -0.0393921622689 0.55634 0.03293 0.215921837731 0.55634
0.03293 -0.0413306420344 0.55634 0.03293 0.213983357966 0.55634
0.03293 -0.0433109673344 0.55634 0.03293 0.212003032666 0.55634
0.03293 -0.0453312406803 0.55634 0.03293 0.20998275932 0.55634
0.03293 -0.0473896377295 0.55634 0.03293 0.207924362271 0.55634
0.03293 -0.0494844002797 0.55634 0.03293 0.20582959972 0.55634
0.03293 -0.0516138322336 0.55634 0.03293 0.203700167766 0.55634
0.03293 -0.053776296943 0.55634 0.03293 0.201537703057 0.55634
0.03293 -0.0559702149773 0.55634 0.03293 0.199343785023 0.55634
0.03293 -0.0581940618847 0.55634 0.03293 0.197119938115 0.55634
0.03293 -0.0604463658352 0.55634 0.03293 0.194867634165 0.55634
0.03293 -0.0627257051753 0.55634 0.03293 0.192588294825 0.55634
0.03293 -0.0650307059607 0.55634 0.03293 0.190283294039 0.55634
0.03293 -0.0673600395243 0.55634 0.03293 0.187953960476 0.55634
0.03293 -0.0697124201105 0.55634 0.03293 0.18560157989 0.55634
0.03293 -0.0720866025893 0.55634 0.03293 0.183227397411 0.55634
0.03293 -0.0744813802497 0.55634 0.03293 0.18083261975 0.55634
0.03293 -0.0768955826676 0.55634 0.03293 0.178418417332 0.55634
0.03293 -0.0793280736421 0.55634 0.03293 0.175985926358 0.55634
0.03293 -0.0817777491941 0.55634 0.03293 0.173536250806 0.55634
0.03293 -0.0842435356215 0.55634 0.03293 0.171070464378 0.55634
0.03293 -0.0867243876089 0.55634 0.03293 0.168589612391 0.55634
0.03293 -0.0892192863857 0.55634 0.03293 0.166094713614 0.55634
0.03293 -0.0917272379315 0.55634 0.03293 0.163586762069 0.55634
0.03293 -0.0942472712246 0.55634 0.03293 0.161066728775 0.55634
0.03293 -0.0967784365312 0.55634 0.03293 0.158535563469 0.55634
0.03293 -0.099319803732 0.55634 0.03293 0.155994196268 0.55634
0.03293 -0.101870460683 0.55634 0.03293 0.153443539317 0.55634
0.03293 -0.104429511609 0.55634 0.03293 0.150884488391 0.55634
0.03293 -0.106996075525 0.55634 0.03293 0.148317924475 0.55634
0.03293 -0.109569284682 0.55634 0.03293 0.145744715318 0.55634
0.03293 -0.112148283041 0.55634 0.03293 0.143165716959 0.55634
0.03293 -0.114732224765 0.55634 0.03293 0.140581775235 0.55634
0.03293 -0.117320272724 0.55634 0.03293 0.137993727276 0.55634
0.03293 -0.119911597025 0.55634 0.03293 0.135402402975 0.55634
0.03293 -0.122505373548 0.55634 0.03293 0.132808626452 0.55634
0.03293 -0.125100782493 0.55634 0.03293 0.130213217507 0.55634
0.03293 -0.127697006936 0.55634 0.03293 0.127616993064 0.55634
0.03293 -0.130293231391 0.55634 0.03293 0.125020768609 0.55634
0.03293 -0.13288864037 0.55634 0.03293 0.12242535963 0.55634
0.03293 -0.135482416952 0.55634 0.03293 0.119831583048 0.55634
0.03293 -0.138073741336 0.55634 0.03293 0.117240258664 0.55634
0.03293 -0.140661789402 0.55634 0.03293 0.114652210598 0.55634
0.03293 -0.143245731256 0.55634 0.03293 0.112068268744 0.55634
0.03293 -0.14582472977 0.55634 0.03293 0.10948927023 0.55634
0.03293 -0.148397939107 0.55634 0.03293 0.106916060893 0.55634
0.03293 -0.150964503226 0.55634 0.03293 0.104349496774 0.55634
0.03293 -0.153523554382 0.55634 0.03293 0.101790445618 0.55634
0.03293 -0.156074211588 0.55634 0.03293 0.0992397884118 0.55634
0.03293 -0.15861557907 0.55634 0.03293 0.0966984209297 0.55634
0.03293 -0.161146744685 0.55634 0.03293 0.0941672553152 0.55634
0.03293 -0.163666778313 0.55634 0.03293 0.0916472216871 0.55634
0.03293 -0.166174730221 0.55634 0.03293 0.0891392697786 0.55634
0.03293 -0.168669629389 0.55634 0.03293 0.0866443706106 0.55634
0.03293 -0.171150481797 0.55634 0.03293 0.084163518203 0.55634
0.03293 -0.173616268675 0.55634 0.03293 0.0816977313255 0.55634
0.03293 -0.176065944707 0.55634 0.03293 0.0792480552928 0.55634
0.03293 -0.178498436194 0.55634 0.03293 0.0768155638061 0.55634
0.03293 -0.180912639156 0.55634 0.03293 0.0744013608436 0.55634
0.03293 -0.183307417395 0.55634 0.03293 0.0720065826052 0.55634
0.03293 -0.185681600486 0.55634 0.03293 0.069632399514 0.55634
0.03293 -0.18803398172 0.55634 0.03293 0.06728001828 0.55634
0.03293 -0.190363315968 0.55634 0.03293 0.064950684032 0.55634
0.03293 -0.192668317476 0.55634 0.03293 0.0626456825243 0.55634
0.03293 -0.194947657577 0.55634 0.03293 0.0603663424227 0.55634
0.03293 -0.19719996233 0.55634 0.03293 0.0581140376701 0.55634
0.03293 -0.199423810081 0.55634 0.03293 0.0558901899188 0.55634
0.03293 -0.201617729003 0.55634 0.03293 0.0536962709973 0.55634
0.03293 -0.203780194644 0.55634 0.03293 0.0515338053556 0.55634
0.03293 -0.205909627577 0.55634 0.03293 0.0494043724227 0.55634
0.03293 -0.208004391155 0.55634 0.03293 0.0473096088451 0.55634
0.03293 -0.210062789282 0.55634 0.03293 0.0452512107183 0.55634
0.03293 -0.212083063757 0.55634 0.03293 0.0432309362427 0.55634
0.03293 -0.214063390241 0.55634 0.03293 0.0412506097588 0.55634
0.03293 -0.216001871247 0.55634 0.03293 0.0393121287532 0.55634
0.03293 -0.217896524249 0.55634 0.03293 0.0374174757511 0.55634
0.03293 -0.219745263883 0.55634 0.03293 0.0355687361168 0.55634
0.03293 -0.22154588087 0.55634 0.03293 0.0337681191301 0.55634
0.03293 -0.223296028549 0.55634 0.03293 0.0320179714511 0.55634
0.03293 -0.224993241755 0.55634 0.03293 0.0303207582453 0.55634
0.03293 -0.226635029642 0.55634 0.03293 0.0286789703579 0.55634
0.03293 -0.228219093469 0.55634 0.03293 0.0270949065309 0.55634
0.03293 -0.22974368833 0.556339936173 0.03293 0.025570301648 0.55634
0.03293 -0.231208054625 0.556339494323 0.03293 0.0241058655914 0.55634
0.03293 -0.232612720212 0.55633830991 0.03293 0.0227010118259 0.55634
0.03293 -0.233959238888 0.55633603288 0.03293 0.021354129032 0.55634
0.03293 -0.235249729021 0.556332327435 0.03293 0.0200630424669 0.55634
0.03293 -0.236486501569 0.556326871788 0.03293 0.0188253859385 0.55634
0.03293 -0.237671842065 0.556319357938 0.03293 0.0176388198073 0.55634
0.03293 -0.238807917571 0.55630949143 0.03293 0.0165011240336 0.55634
0.03293 -0.239896757564 0.556296991125 0.03293 0.0154102172753 0.55634
0.03293 -0.240940267174 0.556281588975 0.03293 0.0143641436491 0.55634
0.03293 -0.241940248021 0.556263029787 0.03293 0.0133610518815 0.55634
0.03293 -0.24289841578 0.556241071005 0.03293 0.0123991777401 0.55634
0.03293 -0.243816411827 0.556215482478 0.03293 0.0114768323763 0.55634
0.03293 -0.244695809995 0.556186046238 0.03293 0.0105923955634 0.55634
0.03293 -0.245538120359 0.556152556282 0.03293 0.00974431190402 0.55634
0.03293 -0.24634479164 0.556114818346 0.03293 0.00893108842054 0.55634
0.03293 -0.247117213172 0.556072649691 0.03293 0.00815129257452 0.55634
0.03293 -0.247856716885 0.556025878881 0.03293 0.00740355028532 0.55634
0.03293 -0.248564579381 0.555974345573 0.03293 0.00668654383709 0.55634
0.03293 -0.249242024108 0.555917900297 0.03293 0.00599900970458 0.55634
0.03293 -0.249890223536 0.555856404247 0.03293 0.0053397363649 0.55634
0.03293 -0.250510301298 0.555789729069 0.03293 0.00470756215151 0.55634
0.03293 -0.251103334253 0.55571775665 0.03293 0.00410137318309 0.55634
0.03293 -0.25167035446 0.555640378914 0.03293 0.00352010138033 0.55634
0.03293 -0.252212351068 0.555557497612 0.03293 0.00296272257137 0.55634
0.03293 -0.252730272117 0.555469024117 0.03293 0.00242825468158 0.55634
0.03293 -0.253225026262 0.555374879224 0.03293 0.00191575600159 0.55634
0.03293 -0.253697484424 0.555274992945 0.03293 0.00142432352848 0.55634
0.03293 -0.254148481376 0.555169304311 0.03293 0.000953091375619 0.55634
0.03293 -0.254578817255 0.555057761172 0.03293 0.000501229247821 0.55634
0.03293 -0.254989259021 0.55494032 0.03293 6.79409788783e-05 0.55634
0.03293 -0.255380541851 0.554816945695 0.03293 -0.000347536871015 0.55634
0.03293 -0.255753370475 0.554687611391 0.03293 -0.000745936360342 0.55634
0.03293 -0.256108420461 0.554552298259 0.03293 -0.00112795945613 0.55634
0.03293 -0.256446339442 0.554410995325 0.03293 -0.00149427927081 0.55634
0.03293 -0.256767748296 0.554263699271 0.03293 -0.00184554124825 0.55634
0.03293 -0.257073242273 0.554110414255 0.03293 -0.00218236430099 0.55634
0.03293 -0.257363392083 0.553951151721 0.03293 -0.00250534190078 0.55634
0.03293 -0.257638744929 0.553785930215 0.03293 -0.0028150431242 0.55634
0.03293 -0.257899825505 0.553614775202 0.03293 -0.00311201365542 0.55634
0.03293 -0.25814713695 0.553437718885 0.03293 -0.00339677674759 0.55634
0.03293 -0.25838116176 0.553254800026 0.03293 -0.00366983414483 0.55634
0.03293 -0.258602362668 0.553066063766 0.03293 -0.00393166696628 0.55634
0.03293 -0.258811183479 0.552871561446 0.03293 -0.00418273655378 0.55634
0.03293 -0.259008049883 0.552671350439 0.03293 -0.00442348528478 0.55634
0.03293 -0.25919337022 0.552465493968 0.03293 -0.00465433735174 0.55634
0.03293 -0.259367536222 0.552254060941 0.03293 -0.00487569950957 0.55634
0.03293 -0.259530923723 0.552037125774 0.03293 -0.00508796179229 0.55634
0.03293 -0.259683893338 0.551814768227 0.03293 -0.00529149820028 0.55634
0.03293 -0.259826791117 0.551587073234 0.03293 -0.00548666735924 0.55634
0.03293 -0.259959949163 0.55135413074 0.03293 -0.00567381315205 0.55634
0.03293 -0.260083686236 0.55111603553 0.03293 -0.00585326532473 0.55634
0.03293 -0.260198308327 0.550872887075 0.03293 -0.00602534006738 0.55634
0.03293 -0.260304109201 0.550624789364 0.03293 -0.00619034057133 0.55634
0.03293 -0.260401370932 0.550371850748 0.03293 -0.00634855756333 0.55634
0.03293 -0.260490364401 0.55011418378 0.03293 -0.00650026981783 0.55634
0.03293 -0.260571349784 0.54985190506 0.03293 -0.00664574464812 0.55634
0.03293 -0.260644577013 0.549585135079 0.03293 -0.00678523837737 0.55634
0.03293 -0.26071028622 0.549313998065 0.03293 -0.00691899679023 0.55634
0.03293 -0.260768708166 0.549038621833 0.03293 -0.00704725556592 0.55634
0.03293 -0.260820064643 0.548759137632 0.03293 -0.00717024069347 0.55634
0.03293 -0.26086456887 0.54847568 0.03293 -0.0072881688699 0.55634
0.03293 -0.260902425864 0.548188386613 0.03293 -0.00740124788203 0.55634
0.03293 -0.260933832801 0.547897398143 0.03293 -0.00750967697262 0.55634
0.03293 -0.260958979355 0.547602858109 0.03293 -0.0076136471914 0.55634
0.03293 -0.260978048034 0.547304912739 0.03293 -0.0077133417317 0.55634
0.03293 -0.260991214488 0.547003710828 0.03293 -0.00780893625321 0.55634
0.03293 -0.260998647817 0.546699403598 0.03293 -0.00790059919155 0.55634
0.03293 -0.261000510856 0.546392144559 0.03293 -0.00798849205497 0.55634
0.03293 -0.260996960455 0.546082089374 0.03293 -0.00807276970896 0.55634
0.03293 -0.26098814774 0.545769395726 0.03293 -0.00815358064912 0.55634
0.03293 -0.260974218375 0.54545422318 0.03293 -0.00823106726279 0.55634
0.03293 -0.260955312795 0.545136733058 0.03293 -0.00830536607993 0.55634
0.03293 -0.260931566448 0.544817088303 0.03293 -0.00837660801371 0.55634
0.03293 -0.260903110013 0.544495453352 0.03293 -0.00844491859114 0.55634
0.03293 -0.260870069617 0.544171994012 0.03293 -0.00851041817424 0.55634
0.03293 -0.260832567035 0.543846877331 0.03293 -0.00857322217216 0.55634
0.03293 -0.260790719889 0.543520271477 0.03293 -0.00863344124449 0.55634
0.03293 -0.260744641838 0.543192345613 0.03293 -0.00869118149622 0.55634
0.03293 -0.26069444275 0.542863269778 0.03293 -0.00874654466476 0.55634
0.03293 -0.260640228881 0.542533214768 0.03293 -0.00879962829912 0.55634
0.03293 -0.260582103035 0.542202352017 0.03293 -0.00885052593185 0.55634
0.03293 -0.260520164723 0.541870853483 0.03293 -0.00889932724382 0.55634
0.03293 -0.260454510314 0.541538891531 0.03293 -0.00894611822221 0.55634
0.03293 -0.260385233177 0.541206638824 0.03293 -0.00899098131204 0.55634
0.03293 -0.260312423819 0.540874268205 0.03293 -0.00903399556146 0.55634
0.03293 -0.260236170019 0.540541952594 0.03293 -0.00907523676098 0.55634
0.03293 -0.260156556952 0.540209864877 0.03293 -0.00911477757705 0.55634
0.03293 -0.26007366731 0.539878177799 0.03293 -0.00915268768006 0.55634
0.03293 -0.259987581418 0.539547063859 0.03293 -0.00918903386714 0.55634
0.03293 -0.259898377342 0.539216695205 0.03293 -0.00922388017981 0.55634
0.03293 -0.259806130996 0.538887243537 0.03293 -0.00925728801688 0.55634
0.03293 -0.259710916243 0.53855888 0.03293 -0.00928931624254 0.55634
0.03293 -0.259612804989 0.538231775089 0.03293 -0.00932002129019 0.55634
0.03293 -0.259511867279 0.537906098552 0.03293 -0.00934945726177 0.55634
0.03293 -0.25940817138 0.537582019292 0.03293 -0.00937767602316 0.55634
0.03293 -0.259301783867 0.537259705273 0.03293 -0.00940472729552 0.55634
0.03293 -0.259192769704 0.536939323431 0.03293 -0.00943065874292 0.55634
0.03293 -0.259081192319 0.536621039575 0.03293 -0.00945551605634 0.55634
0.03293 -0.258967113678 0.536305018308 0.03293 -0.00947934303412 0.55634
0.03293 -0.258850594352 0.535991422931 0.03293 -0.00950218165918 0.55634
0.03293 -0.258731693589 0.535680415357 0.03293 -0.00952407217299 0.55634
0.03293 -0.258610469372 0.53537215603 0.03293 -0.00954505314753 0.55634
0.03293 -0.258486978488 0.535066803842 0.03293 -0.0095651615575 0.55634
0.03293 -0.258361276584 0.534764516044 0.03293 -0.00958443284603 0.55634
0.03293 -0.25823341822 0.534465448175 0.03293 -0.00960290098509 0.55634
0.03293 -0.258103456923 0.534169753977 0.03293 -0.0096205985332 0.55634
0.03293 -0.257971445229 0.533877585321 0.03293 -0.00963755669122 0.55634
0.03293 -0.257837434732 0.533589092129 0.03293 -0.00965380535661 0.55634
0.03293 -0.257701476133 0.533304422303 0.03293 -0.0096693731758 0.55634
0.03293 -0.257563619277 0.53302372165 0.03293 -0.00968428759467 0.55634
0.03293 -0.257423913197 0.532747133813 0.03293 -0.00969857490699 0.55634
0.03293 -0.257282406153 0.5324748002 0.03293 -0.00971226030094 0.55634
0.03293 -0.257139145666 0.532206859918 0.03293 -0.00972536790346 0.55634
0.03293 -0.256994178559 0.531943449706 0.03293 -0.0097379208229 0.55634
0.03293 -0.256847550983 0.531684703868 0.03293 -0.00974994118976 0.55634
0.03293 -0.256699308453 0.531430754214 0.03293 -0.00976145019566 0.55634
0.03293 -0.256549495878 0.531181729998 0.03293 -0.00977246813076 0.55634
0.03293 -0.256398157587 0.530937757853 0.03293 -0.00978301441947 0.55634
0.03293 -0.256245337356 0.53069896174 0.03293 -0.00979310765473 0.55634
0.03293 -0.256091078436 0.530465462886 0.03293 -0.00980276563078 0.55634
0.03293 -0.255935423571 0.530237379728 0.03293 -0.00981200537452 0.55634
0.03293 -0.255778415029 0.530014827865 0.03293 -0.00982084317554 0.55634
0.03293 -0.255620094615 0.52979792 0.03293 -0.00982929461483 0.55634
0.03293 -0.255460503695 0.529586765891 0.03293 -0.00983737459225 0.55634
0.03293 -0.255299683214 0.529381472305 0.03293 -0.0098450973528 0.55634
0.03293 -0.255137673714 0.529182142966 0.03293 -0.00985247651174 0.55634
0.03293 -0.254974515351 0.52898887851 0.03293 -0.00985952507857 0.55634
0.03293 -0.254810247907 0.528801776445 0.03293 -0.00986625548 0.55634
0.03293 -0.254644910809 0.528620931103 0.03293 -0.00987267958184 0.55634
0.03293 -0.254478543139 0.528446433599 0.03293 -0.00987880870991 0.55634
0.03293 -0.254311183648 0.528278371796 0.03293 -0.00988465367003 0.55634
0.03293 -0.254142870768 0.528116830261 0.03293 -0.00989022476704 0.55634
0.03293 -0.253973642619 0.527961890233 0.03293 -0.00989553182301 0.55634
0.03293 -0.253803537024 0.527813629584 0.03293 -0.00990058419451 0.55634
0.03293 -0.253632591516 0.527672122789 0.03293 -0.00990539078915 0.55634
0.03293 -0.253460843343 0.527537440892 0.03293 -0.00990996008125 0.55634
0.03293 -0.25328832948 0.527409651476 0.03293 -0.00991430012678 0.55634
0.03293 -0.253115086633 0.527288818636 0.03293 -0.00991841857762 0.55634
0.03293 -0.252941151245 0.527175002948 0.03293 -0.00992232269496 0.55634
0.03293 -0.252766559504 0.527068261447 0.03293 -0.00992601936217 0.55634
0.03293 -0.252591347343 0.526968647599 0.03293 -0.00992951509692 0.55634
0.03293 -0.252415550448 0.526876211285 0.03293 -0.00993281606266 0.55634
0.03293 -0.252239204259 0.52679099877 0.03293 -0.0099359280795 0.55634
0.03293 -0.252062343973 0.526713052695 0.03293 -0.00993885663445 0.55634
0.03293 -0.251885004548 0.526642412049 0.03293 -0.00994160689113 0.55634
0.03293 -0.251707220702 0.526579112159 0.03293 -0.00994418369884 0.55634
0.03293 -0.251529026916 0.526523184672 0.03293 -0.00994659160112 0.55634
0.03293 -0.251350457433 0.526474657543 0.03293 -0.00994883484378 0.55634
0.03293 -0.251171546259 0.526433555026 0.03293 -0.00995091738237 0.55634
0.03293 -0.25099232716 0.526399897657 0.03293 -0.00995284288915 0.55634
0.03293 -0.250812833666 0.526373702252 0.03293 -0.00995461475958 0.55634
0.03293 -0.250633099065 0.526354981897 0.03293 -0.00995623611829 0.55634
0.03293 -0.250453156402 0.526343745942 0.03293 -0.0099577098246 0.55634
0.03293 -0.250273038478 0.52634 0.03293 -0.00995903847757 0.55634
0.03293 -0.250092777843 0.526343745942 0.03293 -0.00996022442059 0.55634
0.03293 -0.249912406798 0.526354981897 0.03293 -0.00996126974546 0.55634
0.03293 -0.249731957389 0.526373702252 0.03293 -0.00996217629616 0.55634
0.03293 -0.249551461401 0.526399897657 0.03293 -0.00996294567203 0.55634
0.03293 -0.249370950354 0.526433555026 0.03293 -0.00996357923065 0.55634
0.03293 -0.249190455501 0.526474657543 0.03293 -0.00996407809019 0.55634
0.03293 -0.249010007816 0.526523184672 0.03293 -0.0099644431314 0.55634
0.03293 -0.248829637996 0.526579112159 0.03293 -0.00996467499918 0.55634
0.03293 -0.248649376447 0.526642412049 0.03293 -0.0099647741037 0.55634
0.03293 -0.248469253283 0.526713052695 0.03293 -0.00996474062114 0.55634
0.03293 -0.248289298315 0.52679099877 0.03293 -0.00996457449397 0.55634
0.03293 -0.248109541046 0.526876211285 0.03293 -0.00996427543091 0.55634
0.03293 -0.24793001066 0.526968647599 0.03293 -0.00996384290636 0.55634
0.03293 -0.247750736018 0.527068261447 0.03293 -0.00996327615952 0.55634
0.03293 -0.247571745643 0.527175002948 0.03293 -0.00996257419302 0.55634
0.03293 -0.247393067716 0.527288818636 0.03293 -0.00996173577118 0.55634
0.03293 -0.247214730065 0.527409651476 0.03293 -0.00996075941783 0.55634
0.03293 -0.247036760152 0.527537440892 0.03293 -0.00995964341374 0.55634
0.03293 -0.246859185067 0.527672122789 0.03293 -0.00995838579353 0.55634
0.03293 -0.246682031512 0.527813629584 0.03293 -0.00995698434227 0.55634
0.03293 -0.246505325796 0.527961890233 0.03293 -0.00995543659155 0.55634
0.03293 -0.246329093815 0.528116830261 0.03293 -0.00995373981513 0.55634
0.03293 -0.246153361046 0.528278371796 0.03293 -0.00995189102416 0.55634
0.03293 -0.245978152533 0.528446433599 0.03293 -0.00994988696188 0.55634
0.03293 -0.245803492871 0.528620931103 0.03293 -0.00994772409792 0.55634
0.03293 -0.245629406195 0.528801776445 0.03293 -0.00994539862206 0.55634
0.03293 -0.245455916165 0.52898887851 0.03293 -0.00994290643752 0.55634
0.03293 -0.245283045951 0.529182142966 0.03293 -0.00994024315375 0.55634
0.03293 -0.245110818218 0.529381472305 0.03293 -0.00993740407867 0.55634
0.03293 -0.244939255108 0.529586765891 0.03293 -0.00993438421047 0.55634
0.03293 -0.244768378229 0.52979792 0.03293 -0.0099311782287 0.55634
0.03293 -0.244598208631 0.530014827865 0.03293 -0.00992778048497 0.55634
0.03293 -0.244428766796 0.530237379728 0.03293 -0.00992418499299 0.55634
0.03293 -0.244260072613 0.530465462886 0.03293 -0.009920385418 0.55634
0.03293 -0.244092145364 0.53069896174 0.03293 -0.0099163750656 0.55634
0.03293 -0.243925003702 0.530937757853 0.03293 -0.00991214687001 0.55634
0.03293 -0.243758665634 0.531181729998 0.03293 -0.00990769338155 0.55634
0.03293 -0.243593148496 0.531430754214 0.03293 -0.00990300675359 0.55634
0.03293 -0.243428468936 0.531684703868 0.03293 -0.00989807872864 0.55634
0.03293 -0.243264642888 0.531943449706 0.03293 -0.00989290062388 0.55634
0.03293 -0.243101685553 0.532206859918 0.03293 -0.00988746331582 0.55634
0.03293 -0.242939611372 0.5324748002 0.03293 -0.00988175722423 0.55634
0.03293 -0.242778434005 0.532747133813 0.03293 -0.00987577229526 0.55634
0.03293 -0.242618166301 0.53302372165 0.03293 -0.00986949798374 0.55634
0.03293 -0.242458820277 0.533304422303 0.03293 -0.00986292323458 0.55634
0.03293 -0.242300407088 0.533589092129 0.03293 -0.0098560364633 0.55634
0.03293 -0.242142936998 0.533877585321 0.03293 -0.00984882553563 0.55634
0.03293 -0.241986419356 0.534169753977 0.03293 -0.0098412777461 0.55634
0.03293 -0.24183086256 0.534465448175 0.03293 -0.00983337979571 0.55634
0.03293 -0.241676274031 0.534764516044 0.03293 -0.00982511776841 0.55634
0.03293 -0.241522660176 0.535066803842 0.03293 -0.00981647710668 0.55634
0.03293 -0.241370026361 0.53537215603 0.03293 -0.0098074425858 0.55634
0.03293 -0.241218376871 0.535680415357 0.03293 -0.00979799828706 0.55634
0.03293 -0.241067714876 0.535991422931 0.03293 -0.00978812756973 0.55634
0.03293 -0.240918042398 0.536305018308 0.03293 -0.00977781304169 0.55634
0.03293 -0.240769360266 0.536621039575 0.03293 -0.00976703652883 0.55634
0.03293 -0.240621668082 0.536939323431 0.03293 -0.009755779043 0.55634
0.03293 -0.240474964177 0.537259705273 0.03293 -0.00974402074857 0.55634
0.03293 -0.240329245571 0.537582019292 0.03293 -0.00973174092747 0.55634
0.03293 -0.240184507925 0.537906098552 0.03293 -0.0097189179427 0.55634
0.03293 -0.240040745501 0.538231775089 0.03293 -0.00970552920018 0.55634
0.03293 -0.239897951109 0.53855888 0.03293 -0.00969155110895 0.55634
0.03293 -0.239756116061 0.538887243537 0.03293 -0.00967695903964 0.55634
0.03293 -0.239615230119 0.539216695205 0.03293 -0.00966172728101 0.55634
0.03293 -0.239475281444 0.539547063859 0.03293 -0.00964582899469 0.55634
0.03293 -0.239336256538 0.539878177799 0.03293 -0.00962923616788 0.55634
0.03293 -0.239198140189 0.540209864877 0.03293 -0.00961191956399 0.55634
0.03293 -0.239060915413 0.540541952594 0.03293 -0.00959384867113 0.55634
0.03293 -0.238924563391 0.540874268205 0.03293 -0.00957499164835 0.55634
0.03293 -0.238789063405 0.541206638824 0.03293 -0.00955531526951 0.55634
0.03293 -0.238654392773 0.541538891531 0.03293 -0.00953478486479 0.55634
0.03293 -0.23852052678 0.541870853483 0.03293 -0.00951336425954 0.55634
0.03293 -0.238387438607 0.542202352017 0.03293 -0.00949101571061 0.55634
0.03293 -0.238255099258 0.542533214768 0.03293 -0.00946769983977 0.55634
0.03293 -0.238123477479 0.542863269778 0.03293 -0.00944337556438 0.55634
0.03293 -0.237992539683 0.543192345613 0.03293 -0.009418000025 0.55634
0.03293 -0.237862249865 0.543520271477 0.03293 -0.00939152850984 0.55634
0.03293 -0.237732569514 0.543846877331 0.03293 -0.00936391437602 0.55634
0.03293 -0.237603457525 0.544171994012 0.03293 -0.00933510896733 0.55634
0.03293 -0.237474870106 0.544495453352 0.03293 -0.00930506152858 0.55634
0.03293 -0.237346760682 0.544817088303 0.03293 -0.00927371911607 0.55634
0.03293 -0.23721907979 0.545136733058 0.03293 -0.00924102650441 0.55634
0.03293 -0.237091774977 0.54545422318 0.03293 -0.00920692608912 0.55634
0.03293 -0.236964790694 0.545769395726 0.03293 -0.00917135778518 0.55634
0.03293 -0.236838068175 0.546082089374 0.03293 -0.00913425892118 0.55634
0.03293 -0.236711545327 0.546392144559 0.03293 -0.00909556412883 0.55634
0.03293 -0.236585156602 0.546699403598 0.03293 -0.00905520522785 0.55634
0.03293 -0.236458832871 0.547003710828 0.03293 -0.00901311110579 0.55634
0.03293 -0.236332501291 0.547304912739 0.03293 -0.00896920759274 0.55634
0.03293 -0.236206085167 0.547602858109 0.03293 -0.00892341733067 0.55634
0.03293 -0.236079503809 0.547897398143 0.03293 -0.0088756596371 0.55634
0.03293 -0.235952672381 0.548188386613 0.03293 -0.00882585036294 0.55634
0.03293 -0.235825501744 0.54847568 0.03293 -0.00877390174424 0.55634
0.03293 -0.235697898298 0.548759137632 0.03293 -0.00871972224753 0.55634
0.03293 -0.235569763809 0.549038621833 0.03293 -0.00866321640855 0.55634
0.03293 -0.235440995234 0.549313998065 0.03293 -0.00860428466405 0.55634
0.03293 -0.235311484541 0.549585135079 0.03293 -0.00854282317633 0.55634
0.03293 -0.235181118514 0.54985190506 0.03293 -0.00847872365032 0.55634
0.03293 -0.235049778559 0.55011418378 0.03293 -0.00841187314275 0.55634
0.03293 -0.234917340494 0.550371850748 0.03293 -0.00834215386315 0.55634
0.03293 -0.234783674336 0.550624789364 0.03293 -0.00826944296628 0.55634
0.03293 -0.234648644076 0.550872887075 0.03293 -0.00819361233572 0.55634
0.03293 -0.234512107446 0.55111603553 0.03293 -0.00811452835809 0.55634
0.03293 -0.234373915677 0.55135413074 0.03293 -0.00803205168767 0.55634
0.03293 -0.234233913243 0.551587073234 0.03293 -0.00794603700083 0.55634
0.03293 -0.234091937602 0.551814768227 0.03293 -0.00785633274002 0.55634
0.03293 -0.233947818916 0.552037125774 0.03293 -0.00776278084668 0.55634
0.03293 -0.233801379771 0.552254060941 0.03293 -0.00766521648278 0.55634
0.03293 -0.233652434872 0.552465493968 0.03293 -0.00756346774036 0.55634
0.03293 -0.23350079074 0.552671350439 0.03293 -0.00745735533865 0.55634
0.03293 -0.233346245382 0.552871561446 0.03293 -0.00734669230815 0.55634
0.03293 -0.23318858796 0.553066063766 0.03293 -0.00723128366124 0.55634
0.03293 -0.233027598433 0.553254800026 0.03293 -0.00711092604857 0.55634
0.03293 -0.232863047198 0.553437718885 0.03293 -0.00698540740078 0.55634
0.03293 -0.232694694705 0.553614775202 0.03293 -0.00685450655486 0.55634
0.03293 -0.23252229106 0.553785930215 0.03293 -0.00671799286444 0.55634
0.03293 -0.232345575611 0.553951151721 0.03293 -0.00657562579339 0.55634
0.03293 -0.23216427652 0.554110414255 0.03293 -0.00642715449205 0.55634
0.03293 -0.231978110308 0.554263699271 0.03293 -0.00627231735516 0.55634
0.03293 -0.231786781389 0.554410995325 0.03293 -0.006110841561 0.55634
0.03293 -0.231589981585 0.554552298259 0.03293 -0.00594244259063 0.55634
0.03293 -0.231387389612 0.554687611391 0.03293 -0.00576682372661 0.55634
0.03293 -0.23117867055 0.554816945695 0.03293 -0.00558367553017 0.55634
0.03293 -0.230963475296 0.55494032 0.03293 -0.00539267529597 0.55634
0.03293 -0.230741439981 0.555057761172 0.03293 -0.00519348648353 0.55634
0.03293 -0.230512185373 0.555169304311 0.03293 -0.00498575812422 0.55634
0.03293 -0.23027531625 0.555274992945 0.03293 -0.00476912420283 0.55634
0.03293 -0.230030420749 0.555374879224 0.03293 -0.0045432030127 0.55634
0.03293 -0.229777069684 0.555469024117 0.03293 -0.00430759648313 0.55634
0.03293 -0.229514815839 0.555557497612 0.03293 -0.00406188947817 0.55634
0.03293 -0.229243193225 0.555640378914 0.03293 -0.00380564906534 0.55634
0.03293 -0.228961716317 0.55571775665 0.03293 -0.00353842375329 0.55634
0.03293 -0.228669879247 0.555789729069 0.03293 -0.00325974269664 0.55634
0.03293 -0.228367154966 0.555856404247 0.03293 -0.00296911486666 0.55634
0.03293 -0.228052994373 0.555917900297 0.03293 -0.00266602818525 0.55634
0.03293 -0.227726825402 0.555974345573 0.03293 -0.00234994861983 0.55634
0.03293 -0.227388052066 0.556025878881 0.03293 -0.00202031923606 0.55634
0.03293 -0.227036053459 0.556072649691 0.03293 -0.00167655920618 0.55634
0.03293 -0.226670182713 0.556114818346 0.03293 -0.00131806277343 0.55634
0.03293 -0.226289765916 0.556152556282 0.03293 -0.000944198178973 0.55634
0.03293 -0.225894101009 0.556186046238 0.03293 -0.000554306567801 0.55634
0.03293 -0.225482456698 0.556215482478 0.03293 -0.000147700901763 0.55634
0.03293 -0.225054071393 0.556241071005 0.03293 0.000276335086554 0.55634
0.03293 -0.224608152213 0.556263029787 0.03293 0.000718547883638 0.55634
0.03293 -0.224143873993 0.556281588975 0.03293 0.00117971518444 0.55634
0.03293 -0.223660378065 0.556296991125 0.03293 0.0016606470961 0.55634
0.03293 -0.223156770362 0.55630949143 0.03293 0.00216218803424 0.55634
0.03293 -0.222632118021 0.556319357938 0.03293 0.00268522010638 0.55634
0.03293 -0.222085443552 0.556326871788 0.03293 0.00323066894085 0.55634
0.03293 -0.22151571604 0.556332327435 0.03293 0.00379951247141 0.55634
0.03293 -0.220921840719 0.55633603288 0.03293 0.00439279136129 0.55634
0.03293 -0.22030265234 0.55633830991 0.03293 0.00501161562302 0.55634
0.03293 -0.219656924714 0.556339494323 0.03293 0.00565715506924 0.55634
0.03293 -0.218983417232 0.556339936173 0.03293 0.00633059278929 0.55634
0.03293 -0.218280983852 0.55634 0.03293 0.00703301614808 0.55634
0.03293 -0.217548769201 0.55634 0.03293 0.00776523079911 0.55634
0.03293 -0.216786469996 0.55634 0.03293 0.00852753000397 0.55634
0.03293 -0.215994441184 0.55634 0.03293 0.00931955881592 0.55634
0.03293 -0.215173550212 0.55634 0.03293 0.0101404497876 0.55634
0.03293 -0.214324946457 0.55634 0.03293 0.0109890535428 0.55634
0.03293 -0.213449875346 0.55634 0.03293 0.0118641246537 0.55634
0.03293 -0.212549569467 0.55634 0.03293 0.012764430533 0.55634
0.03293 -0.211625202154 0.55634 0.03293 0.0136887978459 0.55634
0.03293 -0.210677878052 0.55634 0.03293 0.014636121948 0.55634
0.03293 -0.209708639847 0.55634 0.03293 0.0156053601531 0.55634
0.03293 -0.208718478806 0.55634 0.03293 0.0165955211944 0.55634
0.03293 -0.207708343675 0.55634 0.03293 0.0176056563248 0.55634
0.03293 -0.20667914663 0.55634 0.03293 0.0186348533702 0.55634
0.03293 -0.205631766773 0.55634 0.03293 0.019682233227 0.55634
0.03293 -0.204567052156 0.55634 0.03293 0.0207469478439 0.55634
0.03293 -0.203485821106 0.55634 0.03293 0.0218281788944 0.55634
0.03293 -0.202388863339 0.55634 0.03293 0.022925136661 0.55634
0.03293 -0.201276941084 0.55634 0.03293 0.0240370589155 0.55634
0.03293 -0.200150790259 0.55634 0.03293 0.0251632097409 0.55634
0.03293 -0.199011121692 0.55634 0.03293 0.0263028783084 0.55634
0.03293 -0.197858622356 0.55634 0.03293 0.0274553776438 0.55634
0.03293 -0.196693956588 0.55634 0.03293 0.0286200434118 0.55634
0.03293 -0.195517767267 0.55634 0.03293 0.0297962327327 0.55634
0.03293 -0.19433067696 0.55634 0.03293 0.03098332304 0.55634
0.03293 -0.193133289024 0.55634 0.03293 0.0321807109763 0.55634
0.03293 -0.191926188672 0.55634 0.03293 0.0333878113282 0.55634
0.03293 -0.190709944006 0.55634 0.03293 0.0346040559936 0.55634
0.03293 -0.189485107019 0.55634 0.03293 0.0358288929814 0.55634
0.03293 -0.188252214561 0.55634 0.03293 0.0370617854395 0.55634
0.03293 -0.187011789291 0.55634 0.03293 0.0383022107085 0.55634
0.03293 -0.185764340598 0.55634 0.03293 0.0395496594021 0.55634
0.03293 -0.184510365491 0.55634 0.03293 0.0408036345086 0.55634
0.03293 -0.183250349484 0.55634 0.03293 0.0420636505163 0.55634
0.03293 -0.181984767443 0.55634 0.03293 0.043329232557 0.55634
0.03293 -0.18071408443 0.55634 0.03293 0.0445999155699 0.55634
0.03293 -0.179438756518 0.55634 0.03293 0.0458752434822 0.55634
0.03293 -0.178159231595 0.55634 0.03293 0.0471547684051 0.55634
0.03293 -0.176875950155 0.55634 0.03293 0.0484380498449 0.55634
0.03293 -0.175589346073 0.55634 0.03293 0.0497246539267 0.55634
0.03293 -0.17429984737 0.55634 0.03293 0.0510141526302 0.55634
0.03293 -0.173007876965 0.55634 0.03293 0.0523061230354 0.55634
0.03293 -0.171713853423 0.55634 0.03293 0.053600146577 0.55634
0.03293 -0.170418191692 0.55634 0.03293 0.0548958083077 0.55634
0.03293 -0.169121303833 0.55634 0.03293 0.0561926961665 0.55634
0.03293 -0.167823599747 0.55634 0.03293 0.0574904002528 0.55634
0.03293 -0.166525487896 0.55634 0.03293 0.0587885121041 0.55634
0.03293 -0.165227376024 0.55634 0.03293 0.0600866239765 0.55634
0.03293 -0.163929671874 0.55634 0.03293 0.061384328126 0.55634
0.03293 -0.162632783909 0.55634 0.03293 0.0626812160905 0.55634
0.03293 -0.161337122031 0.55634 0.03293 0.0639768779694 0.55634
0.03293 -0.160043098298 0.55634 0.03293 0.0652709017021 0.55634
0.03293 -0.158751127659 0.55634 0.03293 0.0665628723414 0.55634
0.03293 -0.157461628677 0.55634 0.03293 0.0678523713226 0.55634
0.03293 -0.156175024274 0.55634 0.03293 0.0691389757262 0.55634
0.03293 -0.154891742468 0.55634 0.03293 0.0704222575323 0.55634
0.03293 -0.153612217133 0.55634 0.03293 0.0717017828668 0.55634
0.03293 -0.152336888763 0.55634 0.03293 0.0729771112366 0.55634
0.03293 -0.151066205246 0.55634 0.03293 0.074247794754 0.55634
0.03293 -0.149800622653 0.55634 0.03293 0.0755133773467 0.55634
0.03293 -0.148540606045 0.55634 0.03293 0.076773393955 0.55634
0.03293 -0.147286630288 0.55634 0.03293 0.078027369712 0.55634
0.03293 -0.146039180893 0.55634 0.03293 0.0792748191069 0.55634
0.03293 -0.144798754871 0.55634 0.03293 0.0805152451293 0.55634
0.03293 -0.143565861606 0.55634 0.03293 0.0817481383942 0.55634
0.03293 -0.142341023756 0.55634 0.03293 0.0829729762437 0.55634
0.03293 -0.141124778173 0.55634 0.03293 0.0841892218272 0.55634
0.03293 -0.139917676845 0.55634 0.03293 0.0853963231551 0.55634
0.03293 -0.138720287873 0.55634 0.03293 0.0865937121273 0.55634
0.03293 -0.137533196468 0.55634 0.03293 0.0877808035319 0.55634
0.03293 -0.136357005986 0.55634 0.03293 0.0889569940137 0.55634
0.03293 -0.135192338992 0.55634 0.03293 0.0901216610081 0.55634
0.03293 -0.134039838362 0.55634 0.03293 0.0912741616376 0.55634
0.03293 -0.132900168431 0.55634 0.03293 0.0924138315692 0.55634
0.03293 -0.131774016169 0.55634 0.03293 0.0935399838312 0.55634
0.03293 -0.130662092403 0.55634 0.03293 0.0946519075972 0.55634
0.03293 -0.129565133047 0.55634 0.03293 0.0957488669529 0.55634
0.03293 -0.128483900327 0.55634 0.03293 0.096830099673 0.55634
0.03293 -0.127419183957 0.55634 0.03293 0.0978948160428 0.55634
0.03293 -0.126371802261 0.55634 0.03293 0.098942197739 0.55634
0.03293 -0.125342603287 0.55634 0.03293 0.0999713967135 0.55634
0.03293 -0.124332466134 0.55634 0.03293 0.100981533866 0.55634
0.03293 -0.123342302974 0.55634 0.03293 0.101971697026 0.55634
0.03293 -0.122373062549 0.55634 0.03293 0.102940937451 0.55634
0.03293 -0.121425736123 0.55634 0.03293 0.103888263877 0.55634
0.03293 -0.120501366378 0.55634 0.03293 0.104812633622 0.55634
0.03293 -0.119601057954 0.55634 0.03293 0.105712942046 0.55634
0.03293 -0.118725984181 0.55634 0.03293 0.106588015819 0.55634
0.03293 -0.117877377641 0.55634 0.03293 0.107436622359 0.55634
0.03293 -0.117056483758 0.55634 0.03293 0.108257516242 0.55634
0.03293 -0.116264451903 0.55634 0.03293 0.109049548097 0.55634
0.03293 -0.115502149518 0.55634 0.03293 0.109811850482 0.55634
0.03293 -0.114769931543 0.55634 0.03293 0.110544068457 0.55634
0.03293 -0.114067504712 0.55634 0.03293 0.111246495288 0.55634
0.03293 -0.113394063364 0.55634 0.03293 0.111919936636 0.55634
0.03293 -0.112748520129 0.55634 0.03293 0.112565479871 0.55634
0.03293 -0.11212969191 0.55634 0.03293 0.11318430809 0.55634
0.03293 -0.111536408888 0.55634 0.03293 0.113777591112 0.55634
0.03293 -0.110967561043 0.55634 0.03293 0.114346438957 0.55634
0.03293 -0.110422107704 0.55634 0.03293 0.114891892296 0.55634
0.03293 -0.109899070929 0.55634 0.03293 0.115414929071 0.55634
0.03293 -0.109397525082 0.55634 0.03293 0.115916474918 0.55634
0.03293 -0.108916588047 0.55634 0.03293 0.116397411953 0.55634
0.03293 -0.108455415398 0.55634 0.03293 0.116858584602 0.55634
0.03293 -0.10801319702 0.55634 0.03293 0.11730080298 0.55634
0.03293 -0.107589155207 0.55634 0.03293 0.117724844793 0.55634
0.03293 -0.107182543463 0.55634 0.03293 0.118131456537 0.55634
0.03293 -0.10679264551 0.55634 0.03293 0.11852135449 0.55634
0.03293 -0.106418774298 0.55634 0.03293 0.118895225702 0.55634
0.03293 -0.10606027096 0.55634 0.03293 0.11925372904 0.55634
0.03293 -0.105716503726 0.55634 0.03293 0.119597496274 0.55634
0.03293 -0.105386866827 0.55634 0.03293 0.119927133173 0.55634
0.03293 -0.10507077942 0.55634 0.03293 0.12024322058 0.55634
0.03293 -0.104767684558 0.55634 0.03293 0.120546315442 0.55634
0.03293 -0.104477048194 0.55634 0.03293 0.120836951806 0.55634
0.03293 -0.104198358235 0.55634 0.03293 0.121115641765 0.55634
0.03293 -0.103931123636 0.55634 0.03293 0.121382876364 0.55634
0.03293 -0.103674873536 0.55634 0.03293 0.121639126464 0.55634
0.03293 -0.103429156426 0.55634 0.03293 0.121884843574 0.55634
0.03293 -0.103193539356 0.55634 0.03293 0.122120460644 0.55634
0.03293 -0.102967607171 0.55634 0.03293 0.122346392829 0.55634
0.03293 -0.102750961781 0.55634 0.03293 0.122563038219 0.55634
0.03293 -0.10254322146 0.55634 0.03293 0.12277077854 0.55634
0.03293 -0.102344020171 0.55634 0.03293 0.122969979829 0.55634
0.03293 -0.102153006923 0.55634 0.03293 0.123160993077 0.55634
0.03293 -0.101969845153 0.55634 0.03293 0.123344154847 0.55634
0.03293 -0.101794212132 0.55634 0.03293 0.123519787868 0.55634
0.03293 -0.101625798395 0.55634 0.03293 0.123688201605 0.55634
0.03293 -0.101464307201 0.55634 0.03293 0.123849692799 0.55634
0.03293 -0.101309454002 0.55634 0.03293 0.124004545998 0.55634
0.03293 -0.101160965948 0.55634 0.03293 0.124153034052 0.55634
0.03293 -0.101018581404 0.55634 0.03293 0.124295418596 0.55634
0.03293 -0.100882049491 0.55634 0.03293 0.124431950509 0.55634
0.03293 -0.10075112964 0.55634 0.03293 0.12456287036 0.55634
0.03293 -0.10062559117 0.55634 0.03293 0.12468840883 0.55634
0.03293 -0.100505212885 0.55634 0.03293 0.124808787115 0.55634
0.03293 -0.100389782678 0.55634 0.03293 0.124924217322 0.55634
0.03293 -0.100279097161 0.55634 0.03293 0.125034902839 0.55634
0.03293 -0.100172961308 0.55634 0.03293 0.125141038692 0.55634
0.03293 -0.100071188108 0.55634 0.03293 0.125242811892 0.55634
0.03293 -0.0999735982371 0.55634 0.03293 0.125340401763 0.55634
0.03293 -0.0998800197417 0.55634 0.03293 0.125433980258 0.55634
0.03293 -0.0997902877374 0.55634 0.03293 0.125523712263 0.55634
0.03293 -0.0997042441165 0.55634 0.03293 0.125609755883 0.55634
0.03293 -0.0996217372706 0.55634 0.03293 0.125692262729 0.55634
0.03293 -0.0995426218228 0.55634 0.03293 0.125771378177 0.55634
0.03293 -0.0994667583719 0.55634 0.03293 0.125847241628 0.55634
0.03293 -0.0993940132466 0.55634 0.03293 0.125919986753 0.55634
0.03293 -0.0993242582702 0.55634 0.03293 0.12598974173 0.55634
0.03293 -0.0992573705346 0.55634 0.03293 0.126056629465 0.55634
0.03293 -0.0991932321835 0.55634 0.03293 0.126120767816 0.55634
0.03293 -0.0991317302054 0.55634 0.03293 0.126182269795 0.55634
0.03293 -0.0990727562337 0.55634 0.03293 0.126241243766 0.55634
0.03293 -0.0990162063562 0.55634 0.03293 0.126297793644 0.55634
0.03293 -0.0989619809322 0.55634 0.03293 0.126352019068 0.55634
0.03293 -0.0989099844164 0.55634 0.03293 0.126404015584 0.55634
0.03293 -0.0988601251907 0.55634 0.03293 0.126453874809 0.55634
0.03293 -0.0988123154034 0.55634 0.03293 0.126501684597 0.55634
0.03293 -0.0987664708133 0.55634 0.03293 0.126547529187 0.55634
0.03293 -0.0987225106423 0.55634 0.03293 0.126591489358 0.55634
0.03293 -0.0986803574324 0.55634 0.03293 0.126633642568 0.55634
0.03293 -0.0986399369095 0.55634 0.03293 0.126674063091 0.55634
0.03293 -0.0986011778526 0.55634 0.03293 0.126712822147 0.55634
0.03293 -0.098564011968 0.55634 0.03293 0.126749988032 0.55634
0.03293 -0.0985283737694 0.55634 0.03293 0.126785626231 0.55634
0.03293 -0.0984942004621 0.55634 0.03293 0.126819799538 0.55634
0.03293 -0.0984614318325 0.55634 0.03293 0.126852568168 0.55634
0.03293 -0.0984300101421 0.55634 0.03293 0.126883989858 0.55634
0.03293 -0.0983998800259 0.55634 0.03293 0.126914119974 0.55634
0.03293 -0.0983709883943 0.55634 0.03293 0.126943011606 0.55634
0.03293 -0.0983432843401 0.55634 0.03293 0.12697071566 0.55634
0.03293 -0.0983167190486 0.55634 0.03293 0.126997280951 0.55634
0.03293 -0.0982912457116 0.55634 0.03293 0.127022754288 0.55634
0.03293 -0.0982668194449 0.55634 0.03293 0.127047180555 0.55634
0.03293 -0.0982433972092 0.55634 0.03293 0.127070602791 0.55634
0.03293 -0.0982209377344 0.55634 0.03293 0.127093062266 0.55634
0.03293 -0.0981994014467 0.55634 0.03293 0.127114598553 0.55634
0.03293 -0.0981787503989 0.55634 0.03293 0.127135249601 0.55634
0.03293 -0.0981589482037 0.55634 0.03293 0.127155051796 0.55634
0.03293 -0.0981399599695 0.55634 0.03293 0.12717404003 0.55634
0.03293 -0.0981217522389 0.55634 0.03293 0.127192247761 0.55634
0.03293 -0.0981042929296 0.55634 0.03293 0.12720970707 0.55634
0.03293 -0.0980875512781 0.55634 0.03293 0.127226448722 0.55634
0.03293 -0.0980714977855 0.55634 0.03293 0.127242502215 0.55634
0.03293 -0.0980561041654 0.55634 0.03293 0.127257895835 0.55634
0.03293 -0.0980413432939 0.55634 0.03293 0.127272656706 0.55634
0.03293 -0.0980271891624 0.55634 0.03293 0.127286810838 0.55634
0.03293 -0.098013616831 0.55634 0.03293 0.127300383169 0.55634
0.03293 -0.0980006023852 0.55634 0.03293 0.127313397615 0.55634
0.03293 -0.0979881228932 0.55634 0.03293 0.127325877107 0.55634
0.03293 -0.0979761563661 0.55634 0.03293 0.127337843634 0.55634
0.03293 -0.0979646817187 0.55634 0.03293 0.127349318281 0.55634
0.03293 -0.0979536787325 0.55634 0.03293 0.127360321267 0.55634
0.03293 -0.0979431280201 0.55634 0.03293 0.12737087198 0.55634
0.03293 -0.097933010991 0.55634 0.03293 0.127380989009 0.55634
0.03293 -0.0979233098188 0.55634 0.03293 0.127390690181 0.55634
0.03293 -0.09791400741 0.55634 0.03293 0.12739999259 0.55634
0.03293 -0.0979050873734 0.55634 0.03293 0.127408912627 0.55634
0.03293 -0.0978965339919 0.55634 0.03293 0.127417466008 0.55634
0.03293 -0.0978883321943 0.55634 0.03293 0.127425667806 0.55634
0.03293 -0.0978804675289 0.55634 0.03293 0.127433532471 0.55634
0.03293 -0.097872926138 0.55634 0.03293 0.127441073862 0.55634
0.03293 -0.0978656947335 0.55634 0.03293 0.127448305267 0.55634
0.03293 -0.0978587605736 0.55634 0.03293 0.127455239426 0.55634
0.03293 -0.0978521114401 0.55634 0.03293 0.12746188856 0.55634
0.03293 -0.0978457356172 0.55634 0.03293 0.127468264383 0.55634
0.03293 -0.0978396218706 0.55634 0.03293 0.127474378129 0.55634
0.03293 -0.0978337594277 0.55634 0.03293 0.127480240572 0.55634
0.03293 -0.0978281379587 0.55634 0.03293 0.127485862041 0.55634
0.03293 -0.0978227475585 0.55634 0.03293 0.127491252441 0.55634
0.03293 -0.0978175787292 0.55634 0.03293 0.127496421271 0.55634
0.03293 -0.0978126223632 0.55634 0.03293 0.127501377637 0.55634
0.03293 -0.0978078697271 0.55634 0.03293 0.127506130273 0.55634
0.03293 -0.0978033124469 0.55634 0.03293 0.127510687553 0.55634
0.03293 -0.0977989424924 0.55634 0.03293 0.127515057508 0.55634
0.03293 -0.0977947521637 0.55634 0.03293 0.127519247836 0.55634
0.03293 -0.0977907340773 0.55634 0.03293 0.127523265923 0.55634
0.03293 -0.0977868811533 0.55634 0.03293 0.127527118847 0.55634
0.03293 -0.0977831866028 0.55634 0.03293 0.127530813397 0.55634
0.03293 -0.0977796439158 0.55634 0.03293 0.127534356084 0.55634
0.03293 -0.0977762468501 0.55634 0.03293 0.12753775315 0.55634
0.03293 -0.09777298942 0.55634 0.03293 0.12754101058 0.55634
0.03293 -0.0977698658857 0.55634 0.03293 0.127544134114 0.55634
0.03293 -0.0977668707436 0.55634 0.03293 0.127547129256 0.55634
0.03293 -0.0977639987161 0.55634 0.03293 0.127550001284 0.55634
0.03293 -0.0977612447426 0.55634 0.03293 0.127552755257 0.55634
0.03293 -0.0977586039706 0.55634 0.03293 0.127555396029 0.55634
0.03293 -0.0977560717469 0.55634 0.03293 0.127557928253 0.55634
0.03293 -0.0977536436097 0.55634 0.03293 0.12756035639 0.55634
0.03293 -0.0977513152806 0.55634 0.03293 0.127562684719 0.55634
0.03293 -0.097749082657 0.55634 0.03293 0.127564917343 0.55634
0.03293 -0.0977469418049 0.55634 0.03293 0.127567058195 0.55634
0.03293 -0.0977448889521 0.55634 0.03293 0.127569111048 0.55634
0.03293 -0.0977429204814 0.55634 0.03293 0.127571079519 0.55634
0.03293 -0.0977410329243 0.55634 0.03293 0.127572967076 0.55634
0.03293 -0.0977392229549 0.55634 0.03293 0.127574777045 0.55634
0.03293 -0.097737487384 0.55634 0.03293 0.127576512616 0.55634
0.03293 -0.0977358231534 0.55634 0.03293 0.127578176847 0.55634
0.03293 -0.0977342273306 0.55634 0.03293 0.127579772669 0.55634
0.03293 -0.097732697104 0.55634 0.03293 0.127581302896 0.55634
0.03293 -0.097731229777 0.55634 0.03293 0.127582770223 0.55634
0.03293 -0.0977298227642 0.55634 0.03293 0.127584177236 0.55634
0.03293 -0.0977284735865 0.55634 0.03293 0.127585526413 0.55634
0.03293 -0.0977271798665 0.55634 0.03293 0.127586820133 0.55634
0.03293 -0.0977259393247 0.55634 0.03293 0.127588060675 0.55634
0.03293 -0.0977247497752 0.55634 0.03293 0.127589250225 0.55634
0.03293 -0.0977236091219 0.55634 0.03293 0.127590390878 0.55634
0.03293 -0.0977225153551 0.55634 0.03293 0.127591484645 0.55634
0.03293 -0.0977214665473 0.55634 0.03293 0.127592533453 0.55634
0.03293 -0.0977204608507 0.55634 0.03293 0.127593539149 0.55634
0.03293 -0.0977194964931 0.55634 0.03293 0.127594503507 0.55634
0.03293 -0.0977185717753 0.55634 0.03293 0.127595428225 0.55634
0.03293 -0.0977176850679 0.55634 0.03293 0.127596314932 0.55634
0.03293 -0.0977168348086 0.55634 0.03293 0.127597165191 0.55634
0.03293 -0.097716019499 0.55634 0.03293 0.127597980501 0.55634
0.03293 -0.0977152377027 0.55634 0.03293 0.127598762297 0.55634
0.03293 -0.097714488042 0.55634 0.03293 0.127599511958 0.55634
0.03293 -0.097713769196 0.55634 0.03293 0.127600230804 0.55634
0.03293 -0.0977130798981 0.55634 0.03293 0.127600920102 0.55634
0.03293 -0.0977124189338 0.55634 0.03293 0.127601581066 0.55634
0.03293 -0.0977117851383 0.55634 0.03293 0.127602214862 0.55634
0.03293 -0.097711177395 0.55634 0.03293 0.127602822605 0.55634
0.03293 -0.0977105946329 0.55634 0.03293 0.127603405367 0.55634
0.03293 -0.0977100358252 0.55634 0.03293 0.127603964175 0.55634
0.03293 -0.0977094999872 0.55634 0.03293 0.127604500013 0.55634
0.03293 -0.0977089861748 0.55634 0.03293 0.127605013825 0.55634
0.03293 -0.0977084934827 0.55634 0.03293 0.127605506517 0.55634
0.03293 -0.0977080210426 0.55634 0.03293 0.127605978957 0.55634
0.03293 -0.0977075680222 0.55634 0.03293 0.127606431978 0.55634
0.03293 -0.0977071336231 0.55634 0.03293 0.127606866377 0.55634
0.03293 -0.09770671708 0.55634 0.03293 0.12760728292 0.55634
0.03293 -0.0977063176589 0.55634 0.03293 0.127607682341 0.55634
0.03293 -0.0977059346559 0.55634 0.03293 0.127608065344 0.55634
0.03293 -0.0977055673963 0.55634 0.03293 0.127608432604 0.55634
0.03293 -0.0977052152329 0.55634 0.03293 0.127608784767 0.55634
0.03293 -0.0977048775451 0.55634 0.03293 0.127609122455 0.55634
0.03293 -0.097704553738 0.55634 0.03293 0.127609446262 0.55634
0.03293 -0.097704243241 0.55634 0.03293 0.127609756759 0.55634
0.03293 -0.097703945507 0.55634 0.03293 0.127610054493 0.55634
0.03293 -0.0977036600113 0.55634 0.03293 0.127610339989 0.55634
0.03293 -0.0977033862509 0.55634 0.03293 0.127610613749 0.55634
0.03293 -0.0977031237435 0.55634 0.03293 0.127610876257 0.55634
0.03293 -0.0977028720264 0.55634 0.03293 0.127611127974 0.55634
0.03293 -0.0977026306561 0.55634 0.03293 0.127611369344 0.55634
0.03293 -0.0977023992074 0.55634 0.03293 0.127611600793 0.55634
0.03293 -0.0977021772723 0.55634 0.03293 0.127611822728 0.55634
0.03293 -0.0977019644599 0.55634 0.03293 0.12761203554 0.55634
0.03293 -0.0977017603952 0.55634 0.03293 0.127612239605 0.55634
0.03293 -0.0977015647186 0.55634 0.03293 0.127612435281 0.55634
0.03293 -0.0977013770852 0.55634 0.03293 0.127612622915 0.55634
0.03293 -0.0977011971645 0.55634 0.03293 0.127612802835 0.55634
0.03293 -0.0977010246395 0.55634 0.03293 0.12761297536 0.55634
0.03293 -0.0977008592061 0.55634 0.03293 0.127613140794 0.55634
0.03293 -0.0977007005729 0.55634 0.03293 0.127613299427 0.55634
0.03293 -0.0977005484603 0.55634 0.03293 0.12761345154 0.55634
0.03293 -0.0977004026003 0.55634 0.03293 0.1276135974 0.55634
0.03293 -0.0977002627359 0.55634 0.03293 0.127613737264 0.55634
0.03293 -0.0977001286206 0.55634 0.03293 0.127613871379 0.55634
0.03293 -0.0977000000181 0.55634 0.03293 0.127613999982 0.55634
0.03293 -0.0976998767018 0.55634 0.03293 0.127614123298 0.55634
0.03293 -0.0976997584545 0.55634 0.03293 0.127614241545 0.55634
0.03293 -0.0976996450677 0.55634 0.03293 0.127614354932 0.55634
0.03293 -0.0976995363418 0.55634 0.03293 0.127614463658 0.55634
0.03293 -0.0976994320849 0.55634 0.03293 0.127614567915 0.55634
0.03293 -0.0976993321136 0.55634 0.03293 0.127614667886 0.55634
0.03293 -0.0976992362516 0.55634 0.03293 0.127614763748 0.55634
0.03293 -0.0976991443301 0.55634 0.03293 0.12761485567 0.55634
0.03293 -0.097699056187 0.55634 0.03293 0.127614943813 0.55634
0.03293 -0.097698971667 0.55634 0.03293 0.127615028333 0.55634
0.03293 -0.0976988906212 0.55634 0.03293 0.127615109379 0.55634
0.03293 -0.0976988129068 0.55634 0.03293 0.127615187093 0.55634
0.03293 -0.0976987383869 0.55634 0.03293 0.127615261613 0.55634
0.03293 -0.0976986669301 0.55634 0.03293 0.12761533307 0.55634
0.03293 -0.0976985984105 0.55634 0.03293 0.127615401589 0.55634
0.03293 -0.0976985327075 0.55634 0.03293 0.127615467293 0.55634
0.03293 -0.0976984697052 0.55634 0.03293 0.127615530295 0.55634
0.03293 -0.0976984092926 0.55634 0.03293 0.127615590707 0.55634
0.03293 -0.0976983513633 0.55634 0.03293 0.127615648637 0.55634
0.03293 -0.0976982958152 0.55634 0.03293 0.127615704185 0.55634
0.03293 -0.0976982425504 0.55634 0.03293 0.12761575745 0.55634
0.03293 -0.097698191475 0.55634 0.03293 0.127615808525 0.55634
0.03293 -0.0976981424991 0.55634 0.03293 0.127615857501 0.55634
0.03293 -0.0976980955364 0.55634 0.03293 0.127615904464 0.55634
0.03293 -0.0976980505041 0.55634 0.03293 0.127615949496 0.55634
0.03293 -0.0976980073228 0.55634 0.03293 0.127615992677 0.55634
0.03293 -0.0976979659165 0.55634 0.03293 0.127616034083 0.55634
0.03293 -0.0976979262123 0.55634 0.03293 0.127616073788 0.55634
0.03293 -0.09769788814 0.55634 0.03293 0.12761611186 0.55634
0.03293 -0.0976978516328 0.55634 0.03293 0.127616148367 0.55634
0.03293 -0.0976978166262 0.55634 0.03293 0.127616183374 0.55634
0.03293 -0.0976977830585 0.55634 0.03293 0.127616216941 0.55634
0.03293 -0.0976977508707 0.55634 0.03293 0.127616249129 0.55634
0.03293 -0.0976977200059 0.55634 0.03293 0.127616279994 0.55634
0.03293 -0.0976976904098 0.55634 0.03293 0.12761630959 0.55634
0.03293 -0.0976976620303 0.55634 0.03293 0.12761633797 0.55634
0.03293 -0.0976976348173 0.55634 0.03293 0.127616365183 0.55634
0.03293 -0.097697608723 0.55634 0.03293 0.127616391277 0.55634
0.03293 -0.0976975837012 0.55634 0.03293 0.127616416299 0.55634
0.03293 -0.097697559708 0.55634 0.03293 0.127616440292 0.55634
0.03293 -0.097697536701 0.55634 0.03293 0.127616463299 0.55634
0.03293 -0.0976975146397 0.55634 0.03293 0.12761648536 0.55634
0.03293 -0.0976974934853 0.55634 0.03293 0.127616506515 0.55634
0.03293 -0.0976974732004 0.55634 0.03293 0.1276165268 0.55634
0.03293 -0.0976974537493 0.55634 0.03293 0.127616546251 0.55634
0.03293 -0.0976974350978 0.55634 0.03293 0.127616564902 0.55634
0.03293 -0.097697417213 0.55634 0.03293 0.127616582787 0.55634
0.03293 -0.0976974000633 0.55634 0.03293 0.127616599937 0.55634
0.03293 -0.0976973836185 0.55634 0.03293 0.127616616381 0.55634
0.03293 -0.0976973678497 0.55634 0.03293 0.12761663215 0.55634
0.03293 -0.0976973527291 0.55634 0.03293 0.127616647271 0.55634
0.03293 -0.0976973382301 0.55634 0.03293 0.12761666177 0.55634
0.03293 -0.097697324327 0.55634 0.03293 0.127616675673 0.55634
0.03293 -0.0976973109954 0.55634 0.03293 0.127616689005 0.55634
0.03293 -0.0976972982118 0.55634 0.03293 0.127616701788 0.55634
0.03293 -0.0976972859537 0.55634 0.03293 0.127616714046 0.55634
0.03293 -0.0976972741995 0.55634 0.03293 0.127616725801 0.55634
0.03293 -0.0976972629284 0.55634 0.03293 0.127616737072 0.55634
0.03293 -0.0976972521206 0.55634 0.03293 0.127616747879 0.55634
0.03293 -0.0976972417571 0.55634 0.03293 0.127616758243 0.55634
0.03293 -0.0976972318196 0.55634 0.03293 0.12761676818 0.55634
0.03293 -0.0976972222905 0.55634 0.03293 0.127616777709 0.55634
0.03293 -0.0976972131532 0.55634 0.03293 0.127616786847 0.55634
0.03293 -0.0976972043914 0.55634 0.03293 0.127616795609 0.55634
0.03293 -0.0976971959898 0.55634 0.03293 0.12761680401 0.55634
0.03293 -0.0976971879336 0.55634 0.03293 0.127616812066 0.55634
0.03293 -0.0976971802085 0.55634 0.03293 0.127616819792 0.55634
0.03293 -0.0976971728009 0.55634 0.03293 0.127616827199 0.55634
0.03293 -0.0976971656979 0.55634 0.03293 0.127616834302 0.55634
0.03293 -0.0976971588868 0.55634 0.03293 0.127616841113 0.55634
0.03293 -0.0976971523557 0.55634 0.03293 0.127616847644 0.55634
0.03293 -0.097697146093 0.55634 0.03293 0.127616853907 0.55634
0.03293 -0.0976971400878 0.55634 0.03293 0.127616859912 0.55634
0.03293 -0.0976971343294 0.55634 0.03293 0.127616865671 0.55634
0.03293 -0.0976971288078 0.55634 0.03293 0.127616871192 0.55634
0.03293 -0.0976971235131 0.55634 0.03293 0.127616876487 0.55634
0.03293 -0.097697118436 0.55634 0.03293 0.127616881564 0.55634
0.03293 -0.0976971135676 0.55634 0.03293 0.127616886432 0.55634
0.03293 -0.0976971088994 0.55634 0.03293 0.127616891101 0.55634
0.03293 -0.097697104423 0.55634 0.03293 0.127616895577 0.55634
0.03293 -0.0976971001306 0.55634 0.03293 0.127616899869 0.55634
0.03293 -0.0976970960147 0.55634 0.03293 0.127616903985 0.55634
0.03293 -0.097697092068 0.55634 0.03293 0.127616907932 0.55634
0.03293 -0.0976970882835 0.55634 0.03293 0.127616911717 0.55634
0.03293 -0.0976970846546 0.55634 0.03293 0.127616915345 0.55634
0.03293 -0.0976970811748 0.55634 0.03293 0.127616918825 0.55634
0.03293 -0.0976970778381 0.55634 0.03293 0.127616922162 0.55634
0.03293 -0.0976970746385 0.55634 0.03293 0.127616925362 0.55634
0.03293 -0.0976970715704 0.55634 0.03293 0.12761692843 0.55634
0.03293 -0.0976970686285 0.55634 0.03293 0.127616931372 0.55634
0.03293 -0.0976970658075 0.55634 0.03293 0.127616934193 0.55634
0.03293 -0.0976970631024 0.55634 0.03293 0.127616936898 0.55634
0.03293 -0.0976970605086 0.55634 0.03293 0.127616939491 0.55634
0.03293 -0.0976970580213 0.55634 0.03293 0.127616941979 0.55634
0.03293 -0.0976970556363 0.55634 0.03293 0.127616944364 0.55634
0.03293 -0.0976970533494 0.55634 0.03293 0.127616946651 0.55634
0.03293 -0.0976970511564 0.55634 0.03293 0.127616948844 0.55634
0.03293 -0.0976970490536 0.55634 0.03293 0.127616950946 0.55634
0.03293 -0.0976970470372 0.55634 0.03293 0.127616952963 0.55634
0.03293 -0.0976970451037 0.55634 0.03293 0.127616954896 0.55634
0.03293 -0.0976970432497 0.55634 0.03293 0.12761695675 0.55634
0.03293 -0.0976970414719 0.55634 0.03293 0.127616958528 0.55634
0.03293 -0.0976970397672 0.55634 0.03293 0.127616960233 0.55634
0.03293 -0.0976970381325 0.55634 0.03293 0.127616961867 0.55634
0.03293 -0.0976970365651 0.55634 0.03293 0.127616963435 0.55634
0.03293 -0.097697035062 0.55634 0.03293 0.127616964938 0.55634
0.03293 -0.0976970336208 0.55634 0.03293 0.127616966379 0.55634
0.03293 -0.0976970322388 0.55634 0.03293 0.127616967761 0.55634
0.03293 -0.0976970309136 0.55634 0.03293 0.127616969086 0.55634
0.03293 -0.0976970296429 0.55634 0.03293 0.127616970357 0.55634
0.03293 -0.0976970284244 0.55634 0.03293 0.127616971576 0.55634
0.03293 -0.097697027256 0.55634 0.03293 0.127616972744 0.55634
0.03293 -0.0976970261356 0.55634 0.03293 0.127616973864 0.55634
0.03293 -0.0976970250613 0.55634 0.03293 0.127616974939 0.55634
0.03293 -0.0976970240311 0.55634 0.03293 0.127616975969 0.55634
0.03293 -0.0976970230433 0.55634 0.03293 0.127616976957 0.55634
0.03293 -0.0976970220961 0.55634 0.03293 0.127616977904 0.55634
0.03293 -0.0976970211878 0.55634 0.03293 0.127616978812 0.55634
0.03293 -0.0976970203169 0.55634 0.03293 0.127616979683 0.55634
0.03293 -0.0976970194817 0.55634 0.03293 0.127616980518 0.55634
0.03293 -0.0976970186809 0.55634 0.03293 0.127616981319 0.55634
0.03293 -0.097697017913 0.55634 0.03293 0.127616982087 0.55634
0.03293 -0.0976970171767 0.55634 0.03293 0.127616982823 0.55634
0.03293 -0.0976970164707 0.55634 0.03293 0.127616983529 0.55634
0.03293 -0.0976970157936 0.55634 0.03293 0.127616984206 0.55634
0.03293 -0.0976970151444 0.55634 0.03293 0.127616984856 0.55634
0.03293 -0.0976970145219 0.55634 0.03293 0.127616985478 0.55634
0.03293 -0.097697013925 0.55634 0.03293 0.127616986075 0.55634
0.03293 -0.0976970133526 0.55634 0.03293 0.127616986647 0.55634
0.03293 -0.0976970128037 0.55634 0.03293 0.127616987196 0.55634
0.03293 -0.0976970122774 0.55634 0.03293 0.127616987723 0.55634
0.03293 -0.0976970117727 0.55634 0.03293 0.127616988227 0.55634
0.03293 -0.0976970112888 0.55634 0.03293 0.127616988711 0.55634
0.03293 -0.0976970108248 0.55634 0.03293 0.127616989175 0.55634
0.03293 -0.0976970103798 0.55634 0.03293 0.12761698962 0.55634
0.03293 -0.0976970099531 0.55634 0.03293 0.127616990047 0.55634
0.03293 -0.097697009544 0.55634 0.03293 0.127616990456 0.55634
0.03293 -0.0976970091517 0.55634 0.03293 0.127616990848 0.55634
0.03293 -0.0976970087755 0.55634 0.03293 0.127616991224 0.55634
0.03293 -0.0976970084148 0.55634 0.03293 0.127616991585 0.55634
0.03293 -0.0976970080689 0.55634 0.03293 0.127616991931 0.55634
0.03293 -0.0976970077372 0.55634 0.03293 0.127616992263 0.55634
0.03293 -0.0976970074192 0.55634 0.03293 0.127616992581 0.55634
0.03293 -0.0976970071142 0.55634 0.03293 0.127616992886 0.55634
0.03293 -0.0976970068218 0.55634 0.03293 0.127616993178 0.55634
0.03293 -0.0976970065413 0.55634 0.03293 0.127616993459 0.55634
0.03293 -0.0976970062725 0.55634 0.03293 0.127616993728 0.55634
0.03293 -0.0976970060146 0.55634 0.03293 0.127616993985 0.55634
0.03293 -0.0976970057674 0.55634 0.03293 0.127616994233 0.55634
0.03293 -0.0976970055303 0.55634 0.03293 0.12761699447 0.55634
0.03293 -0.097697005303 0.55634 0.03293 0.127616994697 0.55634
0.03293 -0.097697005085 0.55634 0.03293 0.127616994915 0.55634
0.03293 -0.097697004876 0.55634 0.03293 0.127616995124 0.55634
0.03293 -0.0976970046755 0.55634 0.03293 0.127616995324 0.55634
0.03293 -0.0976970044834 0.55634 0.03293 0.127616995517 0.55634
0.03293 -0.0976970042991 0.55634 0.03293 0.127616995701 0.55634
0.03293 -0.0976970041223 0.55634 0.03293 0.127616995878 0.55634
0.03293 -0.0976970039529 0.55634 0.03293 0.127616996047 0.55634
0.03293 -0.0976970037904 0.55634 0.03293 0.12761699621 0.55634
0.03293 -0.0976970036346 0.55634 0.03293 0.127616996365 0.55634
0.03293 -0.0976970034852 0.55634 0.03293 0.127616996515 0.55634
0.03293 -0.0976970033419 0.55634 0.03293 0.127616996658 0.55634
0.03293 -0.0976970032046 0.55634 0.03293 0.127616996795 0.55634
0.03293 -0.0976970030728 0.55634 0.03293 0.127616996927 0.55634
0.03293 -0.0976970029465 0.55634 0.03293 0.127616997053 0.55634
0.03293 -0.0976970028254 0.55634 0.03293 0.127616997175 0.55634
0.03293 -0.0976970027093 0.55634 0.03293 0.127616997291 0.55634
0.03293 -0.0976970025979 0.55634 0.03293 0.127616997402 0.55634
0.03293 -0.0976970024911 0.55634 0.03293 0.127616997509 0.55634
0.03293 -0.0976970023887 0.55634 0.03293 0.127616997611 0.55634
0.03293 -0.0976970022905 0.55634 0.03293 0.127616997709 0.55634
0.03293 -0.0976970021964 0.55634 0.03293 0.127616997804 0.55634
0.03293 -0.0976970021061 0.55634 0.03293 0.127616997894 0.55634
0.03293 -0.0976970020195 0.55634 0.03293 0.12761699798 0.55634
0.03293 -0.0976970019365 0.55634 0.03293 0.127616998064 0.55634
0.03293 -0.0976970018569 0.55634 0.03293 0.127616998143 0.55634
0.03293 -0.0976970017806 0.55634 0.03293 0.127616998219 0.55634
0.03293 -0.0976970017074 0.55634 0.03293 0.127616998293 0.55634
0.03293 -0.0976970016372 0.55634 0.03293 0.127616998363 0.55634
0.03293 -0.0976970015699 0.55634 0.03293 0.12761699843 0.55634
0.03293 -0.0976970015054 0.55634 0.03293 0.127616998495 0.55634
0.03293 -0.0976970014435 0.55634 0.03293 0.127616998557 0.55634
0.03293 -0.0976970013841 0.55634 0.03293 0.127616998616 0.55634
0.03293 -0.0976970013272 0.55634 0.03293 0.127616998673 0.55634
0.03293 -0.0976970012727 0.55634 0.03293 0.127616998727 0.55634
0.03293 -0.0976970012204 0.55634 0.03293 0.12761699878 0.55634
0.03293 -0.0976970011702 0.55634 0.03293 0.12761699883 0.55634
0.03293 -0.0976970011221 0.55634 0.03293 0.127616998878 0.55634
0.03293 -0.097697001076 0.55634 0.03293 0.127616998924 0.55634
0.03293 -0.0976970010318 0.55634 0.03293 0.127616998968 0.55634
0.03293 -0.0976970009893 0.55634 0.03293 0.127616999011 0.55634
